1 0.529609 0.186906 0.031156 0.087146
1 0.519172 0.249875 0.031156 0.075042
1 0.484187 0.253906 0.025375 0.071937
1 0.696227 0.320219 0.031391 0.072104
1 0.699422 0.281583 0.029656 0.082708
1 0.666430 0.610458 0.041984 0.040708
1 0.695383 0.610406 0.030359 0.058604
1 0.803922 0.892906 0.039344 0.042646
1 0.745492 0.966417 0.043797 0.041875
1 0.791719 0.967969 0.041281 0.040313
1 0.835555 0.969625 0.040703 0.035667
1 0.312898 0.639354 0.035359 0.057875
1 0.313828 0.374771 0.035656 0.070292
1 0.313672 0.337469 0.029469 0.065896
1 0.311477 0.296469 0.039516 0.087521
0 0.020070 0.308979 0.040141 0.062750
0 0.022281 0.262094 0.044562 0.064354
0 0.588234 0.201521 0.029469 0.073292
0 0.651195 0.153302 0.031484 0.073188
0 0.711008 0.017510 0.026266 0.035021
0 0.613648 0.691448 0.027516 0.054021
0 0.283453 0.730260 0.032563 0.048312
0 0.156883 0.770271 0.039078 0.052458
