0 0.166273 0.444344 0.038234 0.057021
0 0.249641 0.174302 0.036281 0.066521
0 0.554906 0.061625 0.027000 0.077042
0 0.016469 0.296740 0.032937 0.062396
0 0.009500 0.247094 0.019000 0.048896
0 0.103922 0.659552 0.040969 0.053104
1 0.347344 0.363229 0.030313 0.070625
1 0.315141 0.415333 0.031719 0.071458
1 0.259531 0.520000 0.037188 0.060417
1 0.485469 0.395313 0.020313 0.056458
1 0.487250 0.369729 0.022500 0.066458
1 0.527656 0.461667 0.029375 0.057917
1 0.618328 0.615344 0.032406 0.068104
1 0.634867 0.694531 0.031734 0.056104
1 0.584125 0.731021 0.030000 0.054167
1 0.471055 0.749906 0.024109 0.049771
1 0.727812 0.499063 0.032625 0.069792
1 0.796797 0.548490 0.041406 0.066896
1 0.653766 0.240552 0.029250 0.080104
1 0.461750 0.166083 0.025000 0.082708
1 0.530734 0.132646 0.025469 0.079167
