0 0.389016 0.592938 0.029437 0.051750
0 0.776000 0.645292 0.028125 0.047750
0 0.854563 0.415292 0.033375 0.061250
0 0.369313 0.068042 0.028875 0.067250
0 0.466266 0.062073 0.034031 0.076479
0 0.522156 0.088646 0.028500 0.076042
0 0.587758 0.166177 0.029484 0.072146
0 0.521180 0.201396 0.027859 0.064792
0 0.421070 0.153438 0.031109 0.069125
1 0.084406 0.172615 0.051188 0.081479
1 0.422172 0.810208 0.035313 0.043208
1 0.365766 0.436271 0.028188 0.065667
1 0.252852 0.637156 0.042766 0.054437
1 0.479750 0.819323 0.030781 0.047521
1 0.293930 0.885635 0.029797 0.043646
1 0.614922 0.868854 0.024531 0.038958
1 0.681406 0.926562 0.026250 0.037292
1 0.748234 0.878729 0.033594 0.046250
1 0.708047 0.617521 0.027937 0.054250
1 0.660852 0.284469 0.023859 0.070812
1 0.697750 0.285812 0.027906 0.073500
1 0.461250 0.133833 0.029375 0.079583
