1 0.663305 0.288969 0.026734 0.086771
1 0.842938 0.359792 0.034062 0.076875
1 0.832391 0.321760 0.029844 0.069979
1 0.829297 0.293438 0.031094 0.064375
1 0.696344 0.664333 0.030000 0.061000
1 0.652375 0.672583 0.028313 0.048500
1 0.659594 0.639083 0.028500 0.060500
1 0.651719 0.594708 0.025500 0.064750
1 0.356109 0.642771 0.032437 0.057250
1 0.610844 0.354500 0.024000 0.061000
1 0.611313 0.319875 0.024938 0.061750
1 0.499469 0.256750 0.021750 0.071500
1 0.525625 0.256500 0.025687 0.066000
1 0.533391 0.205250 0.027500 0.080625
1 0.495188 0.210250 0.027344 0.072292
0 0.387422 0.328646 0.029844 0.066458
0 0.665141 0.037542 0.026719 0.071625
0 0.694570 0.036646 0.026203 0.069833
