1 0.693523 0.591146 0.029484 0.051417
1 0.655125 0.598927 0.033063 0.052271
1 0.537805 0.735552 0.028578 0.045896
1 0.616328 0.739802 0.030156 0.047687
1 0.674852 0.838646 0.028578 0.045000
1 0.797031 0.786354 0.035000 0.050625
1 0.747141 0.708427 0.028500 0.050979
1 0.518898 0.692792 0.024984 0.051000
1 0.657227 0.645792 0.022359 0.045792
1 0.487172 0.681698 0.029031 0.046188
1 0.473219 0.715448 0.025875 0.048312
1 0.429945 0.839625 0.034016 0.051833
1 0.708805 0.336927 0.028078 0.065521
1 0.694766 0.296417 0.034563 0.072375
1 0.612164 0.072375 0.029016 0.096000
