1 0.529344 0.132250 0.028687 0.081917
1 0.460672 0.167073 0.025531 0.081271
1 0.521062 0.243531 0.027000 0.083771
1 0.654172 0.241063 0.029531 0.076458
1 0.830187 0.342667 0.039375 0.078500
1 0.798141 0.548813 0.041250 0.065500
1 0.622047 0.614271 0.039062 0.066458
1 0.634687 0.693542 0.031875 0.053750
1 0.583156 0.728229 0.030156 0.052792
1 0.471375 0.748458 0.025312 0.049000
1 0.327516 0.619042 0.029656 0.052750
1 0.283188 0.599167 0.036750 0.066500
1 0.313984 0.288573 0.029813 0.081229
1 0.356094 0.312917 0.028313 0.071500
1 0.346844 0.366312 0.028875 0.061500
0 0.228086 0.488760 0.035328 0.056396
0 0.091516 0.321521 0.039000 0.067500
0 0.076141 0.420771 0.043875 0.054000
0 0.201891 0.741833 0.036094 0.048125
0 0.323937 0.201146 0.030750 0.064000
0 0.438477 0.095365 0.027266 0.074521
0 0.598719 0.219740 0.025656 0.068396
0 0.720836 0.033854 0.028859 0.067708
