1 0.524250 0.225344 0.025875 0.069604
1 0.344977 0.366010 0.029422 0.066604
1 0.370164 0.377677 0.029422 0.069479
1 0.375977 0.413667 0.025922 0.060125
1 0.523813 0.265042 0.018000 0.068250
1 0.490031 0.263854 0.016938 0.067292
1 0.494297 0.175729 0.020469 0.072708
1 0.490664 0.221615 0.020016 0.069313
1 0.527406 0.173729 0.027219 0.066000
1 0.660891 0.343979 0.023844 0.070208
1 0.693969 0.334833 0.027906 0.062708
1 0.705672 0.299281 0.031937 0.072604
1 0.472242 0.747927 0.022703 0.056229
1 0.522953 0.721187 0.022500 0.051750
1 0.519586 0.755177 0.023641 0.055771
0 0.166609 0.443010 0.041312 0.057979
0 0.102969 0.656646 0.040312 0.047042
0 0.017383 0.295438 0.034766 0.063125
0 0.009492 0.329500 0.018984 0.046667
0 0.008625 0.244708 0.017250 0.038750
0 0.248516 0.173854 0.032656 0.068125
0 0.554820 0.062135 0.028453 0.075896
