1 0.357055 0.684094 0.025422 0.044104
1 0.393617 0.667740 0.028797 0.047396
1 0.391477 0.633396 0.038922 0.035708
1 0.343562 0.662490 0.025875 0.036896
1 0.367297 0.656937 0.024750 0.051000
1 0.361109 0.620344 0.030375 0.042604
1 0.701117 0.297875 0.033547 0.068000
1 0.712078 0.339875 0.028125 0.075000
1 0.617727 0.077396 0.027547 0.090000
1 0.538844 0.703854 0.025281 0.053125
1 0.586313 0.658281 0.023656 0.046646
1 0.688406 0.671677 0.026813 0.040604
1 0.707320 0.638406 0.032391 0.046646
1 0.657742 0.603198 0.023328 0.048813
1 0.662781 0.564979 0.042437 0.034542
