1 0.528687 0.694917 0.028500 0.058500
1 0.483656 0.689312 0.028875 0.053750
1 0.696234 0.664521 0.031313 0.055000
1 0.651430 0.672146 0.030203 0.051750
1 0.659398 0.631396 0.025484 0.053250
1 0.695992 0.370333 0.025422 0.064500
1 0.657750 0.361625 0.021375 0.056083
1 0.653133 0.322771 0.025641 0.064792
1 0.663148 0.280021 0.026766 0.069292
1 0.698242 0.329969 0.026328 0.063604
1 0.702914 0.300937 0.029797 0.073125
1 0.498016 0.259594 0.023219 0.071271
1 0.525953 0.256708 0.020781 0.064083
1 0.533844 0.207063 0.029156 0.084958
1 0.494648 0.210635 0.029453 0.073438
0 0.388125 0.328229 0.035000 0.065208
0 0.665172 0.036000 0.025188 0.072000
0 0.693633 0.036458 0.027672 0.067500
