1 0.527859 0.249437 0.031875 0.080333
1 0.490734 0.226104 0.031500 0.083458
1 0.321313 0.289167 0.032250 0.075000
1 0.350469 0.318792 0.033375 0.076750
1 0.522125 0.692167 0.027000 0.047875
1 0.519961 0.737167 0.027547 0.051500
1 0.492688 0.725281 0.027000 0.046437
1 0.484859 0.689094 0.027531 0.061938
1 0.697688 0.664417 0.030563 0.053750
1 0.694578 0.372885 0.030781 0.057604
1 0.657039 0.363521 0.022672 0.053292
1 0.654750 0.328958 0.021875 0.064792
1 0.662172 0.285396 0.022688 0.077042
1 0.700242 0.291708 0.025922 0.050042
1 0.697695 0.334000 0.024609 0.061208
0 0.386859 0.327917 0.027937 0.063750
0 0.664766 0.035521 0.026094 0.068958
0 0.693359 0.037521 0.025938 0.071208
