0 0.279125 0.470833 0.031125 0.053000
0 0.321219 0.525208 0.026437 0.054750
0 0.276031 0.574583 0.032062 0.051000
0 0.321602 0.589208 0.026828 0.049750
0 0.364156 0.555083 0.027562 0.052000
0 0.365281 0.609708 0.025687 0.048250
0 0.365375 0.661833 0.027750 0.044500
0 0.276406 0.688708 0.027937 0.043750
0 0.318594 0.702833 0.029812 0.040000
0 0.366234 0.718833 0.025344 0.041500
0 0.411781 0.692083 0.022688 0.043000
0 0.411789 0.629458 0.025297 0.046250
0 0.415344 0.591083 0.021563 0.047500
0 0.420125 0.506333 0.022875 0.051500
1 0.368438 0.486875 0.026250 0.052500
1 0.325188 0.468312 0.027500 0.050625
1 0.280547 0.510260 0.028594 0.047479
1 0.276922 0.644604 0.030625 0.045417
1 0.323641 0.650115 0.028437 0.046437
1 0.666680 0.027208 0.026266 0.054417
1 0.696219 0.026271 0.028125 0.052542
