1 0.664844 0.026979 0.025625 0.053958
1 0.696656 0.027156 0.029375 0.054312
1 0.169781 0.771792 0.028594 0.045000
1 0.197898 0.772250 0.027047 0.044500
1 0.251328 0.816854 0.029844 0.039375
1 0.151875 0.818729 0.030313 0.038125
1 0.137031 0.931562 0.033125 0.035208
1 0.178609 0.929708 0.029219 0.039792
0 0.249453 0.923125 0.033281 0.038333
0 0.241344 0.975354 0.032031 0.034792
0 0.210016 0.977021 0.032500 0.031875
0 0.181812 0.979812 0.026719 0.035375
0 0.152734 0.977292 0.032031 0.038333
0 0.211188 0.923792 0.032969 0.038750
0 0.253297 0.869104 0.027500 0.034375
0 0.217828 0.869729 0.031875 0.036458
0 0.182203 0.871708 0.030000 0.038750
0 0.147828 0.869625 0.036875 0.042500
0 0.185484 0.817125 0.029375 0.041250
0 0.215641 0.816604 0.032812 0.036458
0 0.247281 0.770563 0.032344 0.039792
0 0.143688 0.770573 0.032969 0.038979
