0 0.781289 0.781656 0.034016 0.038437
0 0.734008 0.763344 0.033328 0.044146
1 0.667609 0.033000 0.024188 0.066000
1 0.696859 0.037500 0.025312 0.068000
1 0.730516 0.713688 0.027000 0.044750
1 0.776078 0.743177 0.030375 0.039229
1 0.809828 0.719812 0.028875 0.039500
1 0.775500 0.970896 0.028594 0.038542
1 0.730805 0.814479 0.028703 0.038125
0 0.860836 0.718156 0.038234 0.038437
0 0.862773 0.767188 0.038234 0.042333
0 0.863586 0.820969 0.041797 0.043646
0 0.852437 0.898125 0.035969 0.034125
0 0.852570 0.961365 0.031422 0.039313
0 0.814664 0.959635 0.032078 0.035854
0 0.814531 0.927458 0.028437 0.035417
0 0.734961 0.959427 0.028828 0.034562
0 0.779672 0.885552 0.035313 0.038021
0 0.735766 0.868698 0.029812 0.037146
0 0.778055 0.841271 0.029484 0.045375
0 0.815797 0.838031 0.032406 0.040604
0 0.815797 0.794187 0.031750 0.044500
