0 0.170672 0.593625 0.034531 0.047083
0 0.127859 0.705083 0.040156 0.042917
0 0.170359 0.709979 0.033594 0.040625
0 0.208875 0.717375 0.030938 0.041667
0 0.251766 0.704979 0.024844 0.034792
0 0.212969 0.661667 0.034688 0.046667
0 0.253953 0.643938 0.032656 0.045208
0 0.260672 0.605396 0.027344 0.045208
0 0.217781 0.611125 0.034687 0.051250
0 0.134500 0.578625 0.040938 0.050000
0 0.268875 0.512104 0.031406 0.053958
0 0.222234 0.551625 0.033750 0.053250
0 0.173016 0.536062 0.033438 0.048125
0 0.145313 0.479375 0.036563 0.054167
1 0.695797 0.026458 0.028719 0.052917
1 0.666281 0.025240 0.027813 0.050479
1 0.174016 0.658104 0.035313 0.048958
1 0.135266 0.646750 0.034688 0.045000
1 0.145172 0.526250 0.033281 0.048333
1 0.265406 0.552604 0.033125 0.046875
1 0.176266 0.484479 0.033594 0.051458
1 0.227906 0.489479 0.030313 0.049792
