0 0.271633 0.655458 0.031703 0.046250
1 0.696805 0.039229 0.028891 0.066958
1 0.667922 0.034021 0.028344 0.065875
1 0.174844 0.651917 0.033563 0.047500
1 0.150875 0.551521 0.035000 0.051667
1 0.167187 0.445312 0.031562 0.048125
1 0.203906 0.446042 0.033750 0.047917
1 0.246797 0.450000 0.029219 0.054583
1 0.280148 0.499677 0.034828 0.055813
0 0.170563 0.492083 0.037312 0.054000
0 0.201406 0.493708 0.036750 0.057250
0 0.237125 0.547583 0.035438 0.051000
0 0.192875 0.546458 0.038062 0.056750
0 0.147531 0.645062 0.026000 0.055542
0 0.160062 0.600833 0.038437 0.050000
0 0.196813 0.598208 0.036562 0.054750
0 0.233094 0.643208 0.035625 0.052250
0 0.294781 0.446667 0.034312 0.057000
0 0.237687 0.492833 0.032062 0.053500
0 0.288102 0.549312 0.030203 0.051750
0 0.279219 0.596333 0.033000 0.055000
0 0.251375 0.599333 0.032813 0.049500
