1 0.633469 0.023854 0.026063 0.047708
0 0.419672 0.934979 0.033281 0.038542
0 0.420844 0.985458 0.027500 0.029083
0 0.485484 0.982240 0.028750 0.035521
0 0.517195 0.944792 0.026234 0.041875
0 0.514391 0.983490 0.023750 0.033021
0 0.570875 0.942708 0.029219 0.028125
0 0.566023 0.890313 0.023891 0.044167
0 0.536641 0.842083 0.023594 0.047917
0 0.527984 0.891875 0.023438 0.040625
0 0.498219 0.891458 0.025781 0.041458
0 0.485406 0.847396 0.027656 0.041250
0 0.431188 0.846562 0.029531 0.043333
0 0.576250 0.805208 0.024688 0.035417
1 0.481266 0.941854 0.025156 0.038125
1 0.433047 0.893854 0.026719 0.039792
1 0.581438 0.842812 0.025687 0.036875
1 0.525219 0.801562 0.026562 0.039792
1 0.477750 0.794000 0.026562 0.043958
1 0.422594 0.787229 0.028125 0.043333
1 0.664219 0.022479 0.024937 0.044958
