1 0.577781 0.333062 0.026813 0.062000
1 0.613781 0.396198 0.025312 0.057729
1 0.511313 0.325573 0.027375 0.059479
1 0.446375 0.317917 0.025875 0.057000
1 0.456281 0.448062 0.028313 0.054000
1 0.494406 0.738792 0.028437 0.047500
1 0.667938 0.032563 0.025156 0.064792
1 0.696219 0.037042 0.027344 0.069167
0 0.461187 0.377417 0.027375 0.065500
0 0.505703 0.384333 0.027937 0.061500
0 0.566359 0.389833 0.029250 0.060000
0 0.563828 0.453458 0.019312 0.055250
0 0.610234 0.453208 0.028875 0.049750
0 0.499422 0.447583 0.029250 0.056500
0 0.446484 0.659469 0.028281 0.048146
0 0.497344 0.658937 0.029687 0.052917
0 0.557031 0.661333 0.023750 0.051875
0 0.612109 0.660708 0.030156 0.049792
0 0.565625 0.739875 0.025313 0.048125
0 0.618125 0.737896 0.022187 0.042083
0 0.443148 0.736167 0.026891 0.047500
0 0.618508 0.333781 0.028297 0.063354
