0 0.356977 0.834354 0.027547 0.032833
0 0.696117 0.036906 0.029734 0.064937
0 0.668484 0.033677 0.027500 0.067354
0 0.323609 0.851427 0.033375 0.043646
0 0.234508 0.852729 0.034016 0.037583
0 0.286539 0.629646 0.032859 0.051583
0 0.330195 0.585698 0.034203 0.051896
0 0.379125 0.654094 0.029031 0.050104
0 0.282336 0.857792 0.031891 0.045417
0 0.233047 0.790948 0.034344 0.046229
0 0.281328 0.795917 0.031094 0.046667
0 0.280836 0.744719 0.031422 0.040188
0 0.236141 0.736875 0.032406 0.041667
0 0.233531 0.670844 0.037906 0.056604
0 0.279547 0.679917 0.033375 0.050542
0 0.325227 0.660479 0.030141 0.053125
0 0.237266 0.617646 0.035562 0.050417
0 0.381922 0.601302 0.030781 0.048812
0 0.368805 0.722469 0.027859 0.047521
0 0.324742 0.733708 0.027203 0.045792
0 0.362969 0.767396 0.027219 0.045792
0 0.325555 0.789865 0.028828 0.044062
