1 0.662281 0.149083 0.022656 0.063542
0 0.697297 0.139500 0.023500 0.066250
0 0.515078 0.311979 0.022344 0.062292
0 0.520617 0.203313 0.023453 0.074208
0 0.603633 0.194833 0.028984 0.061250
0 0.646047 0.191333 0.026063 0.066750
0 0.670727 0.238583 0.023953 0.062750
0 0.633484 0.244583 0.019688 0.061250
0 0.598141 0.248208 0.027000 0.063500
0 0.589422 0.299833 0.023062 0.063750
0 0.672672 0.290458 0.024938 0.057500
0 0.645766 0.359083 0.024750 0.051750
0 0.598328 0.363458 0.022125 0.064500
0 0.570109 0.372208 0.021562 0.049500
0 0.533188 0.374542 0.020250 0.054250
1 0.697594 0.037469 0.024562 0.063354
1 0.545031 0.158312 0.026063 0.065750
1 0.592406 0.154188 0.025188 0.061000
1 0.527172 0.262083 0.026250 0.060208
1 0.557414 0.307812 0.024234 0.054583
1 0.687281 0.190646 0.025781 0.054167
1 0.668164 0.034948 0.023484 0.068396
