1 0.590352 0.715208 0.025641 0.044292
0 0.511203 0.774990 0.023594 0.044604
0 0.587969 0.656271 0.025000 0.051667
0 0.547406 0.709708 0.027937 0.046500
0 0.496500 0.712958 0.024750 0.050000
0 0.443375 0.712417 0.027750 0.051000
1 0.694453 0.026656 0.026438 0.053312
1 0.664828 0.025031 0.028313 0.050063
1 0.500109 0.836833 0.027500 0.038958
1 0.442844 0.779750 0.024219 0.042292
1 0.439687 0.649146 0.025656 0.045375
1 0.491266 0.655990 0.025656 0.046813
1 0.537297 0.659948 0.025906 0.047521
0 0.556281 0.775521 0.025000 0.044792
0 0.435734 0.844271 0.028594 0.047292
0 0.428859 0.879687 0.022656 0.035625
0 0.495344 0.878646 0.022812 0.037292
0 0.523313 0.876979 0.021250 0.035625
0 0.536656 0.833229 0.026125 0.037708
0 0.552609 0.876250 0.021094 0.033333
0 0.585656 0.831042 0.022813 0.034167
0 0.589094 0.791771 0.023750 0.055625
