1 0.340859 0.608542 0.025781 0.047500
0 0.440492 0.845167 0.026328 0.041417
0 0.337820 0.846042 0.025016 0.039292
0 0.337055 0.790385 0.023391 0.043188
0 0.387563 0.787844 0.027219 0.041104
0 0.386555 0.734292 0.027891 0.042000
0 0.437969 0.731594 0.024531 0.044396
0 0.387227 0.675490 0.028797 0.049188
0 0.337055 0.670542 0.029703 0.048292
0 0.498266 0.607396 0.019562 0.045000
0 0.439648 0.663937 0.027453 0.051292
0 0.487242 0.714938 0.024984 0.053083
0 0.486836 0.762219 0.019578 0.044104
0 0.438078 0.793083 0.023844 0.040208
0 0.478469 0.831938 0.024531 0.028500
1 0.695688 0.035552 0.026406 0.068146
1 0.668812 0.034937 0.026406 0.068125
1 0.339516 0.728542 0.030750 0.043250
1 0.387422 0.840542 0.027187 0.042250
1 0.496750 0.651750 0.025000 0.044167
1 0.440180 0.580292 0.025297 0.050000
1 0.388844 0.623521 0.025469 0.048125
