0 0.706883 0.039417 0.025109 0.073792
0 0.721195 0.023938 0.021859 0.047875
0 0.937516 0.309104 0.029031 0.057000
0 0.891273 0.233646 0.031953 0.056708
0 0.966406 0.140146 0.032813 0.048458
0 0.925906 0.138042 0.031687 0.055750
0 0.881750 0.121063 0.030875 0.054208
1 0.966594 0.178333 0.033000 0.059750
1 0.989430 0.244875 0.021141 0.038542
1 0.990648 0.376833 0.018703 0.037000
1 0.976516 0.331979 0.035437 0.050625
1 0.974078 0.290333 0.039563 0.056500
1 0.903977 0.335708 0.039516 0.060250
1 0.895797 0.271958 0.038625 0.062750
1 0.933563 0.260667 0.033500 0.062000
1 0.932078 0.220813 0.036187 0.054542
1 0.927672 0.172833 0.033000 0.066000
1 0.887453 0.163083 0.039563 0.075000
0 0.679344 0.036771 0.024031 0.065625
