1 0.217102 0.443469 0.033078 0.064188
1 0.300539 0.204458 0.032172 0.074708
1 0.197484 0.180760 0.035781 0.071104
1 0.189211 0.300344 0.038891 0.070938
1 0.221086 0.322302 0.036203 0.061562
1 0.256172 0.335802 0.034031 0.068396
1 0.291133 0.394490 0.032672 0.065521
1 0.254836 0.391427 0.031359 0.057229
1 0.297078 0.319417 0.029438 0.060833
1 0.257805 0.282531 0.036141 0.065521
1 0.224937 0.257792 0.035781 0.069000
1 0.186500 0.437167 0.034875 0.060583
1 0.250297 0.453062 0.034656 0.064792
1 0.290562 0.463271 0.027000 0.055208
0 0.262531 0.201042 0.034313 0.066750
0 0.228875 0.211313 0.031875 0.058750
0 0.192500 0.248312 0.033375 0.060750
0 0.299563 0.257812 0.029250 0.059250
0 0.218219 0.372667 0.028313 0.053250
0 0.189437 0.351167 0.029250 0.055750
0 0.720633 0.039021 0.028078 0.069833
0 0.751680 0.042260 0.030234 0.070563
