1 0.693633 0.949594 0.028578 0.035687
1 0.649648 0.932646 0.027453 0.037208
1 0.556953 0.963552 0.024750 0.035396
1 0.561445 0.912396 0.025641 0.040500
1 0.618352 0.876812 0.028797 0.041708
1 0.651563 0.877146 0.030375 0.039000
1 0.697906 0.890802 0.034875 0.045896
1 0.700586 0.819656 0.032578 0.045979
1 0.656844 0.796604 0.030594 0.040500
1 0.618148 0.778448 0.028797 0.047396
1 0.660453 0.730740 0.029250 0.048604
1 0.714219 0.686042 0.032844 0.037792
1 0.619953 0.724302 0.029250 0.039896
1 0.573148 0.742448 0.025641 0.051604
0 0.563516 0.805938 0.026406 0.044375
0 0.572961 0.705875 0.026578 0.038417
0 0.618891 0.687375 0.026875 0.045000
0 0.662398 0.671854 0.026109 0.046458
0 0.709977 0.725604 0.026234 0.043958
0 0.616828 0.974417 0.028313 0.040250
0 0.681594 0.037521 0.028594 0.067708
0 0.708859 0.041896 0.027813 0.065208
0 0.721516 0.015271 0.025312 0.030542
