0 0.537125 0.660250 0.027000 0.046792
1 0.588219 0.654500 0.025937 0.052708
1 0.548063 0.712208 0.027500 0.046875
1 0.495719 0.711792 0.026875 0.046458
1 0.444391 0.712833 0.024531 0.046875
1 0.553797 0.876333 0.021719 0.036875
1 0.523719 0.876646 0.020937 0.036667
1 0.494422 0.876750 0.023281 0.040208
1 0.430375 0.879885 0.021375 0.031021
1 0.435906 0.843104 0.025000 0.038750
1 0.535930 0.831792 0.027234 0.039000
1 0.512562 0.775083 0.025500 0.046208
1 0.556406 0.772531 0.029469 0.039896
1 0.587797 0.792938 0.027000 0.062083
1 0.583672 0.833583 0.020469 0.036000
0 0.442734 0.779167 0.027031 0.041250
0 0.499828 0.836938 0.027500 0.042292
0 0.590078 0.714750 0.027000 0.045250
0 0.663672 0.024979 0.027000 0.049958
0 0.439367 0.648667 0.025422 0.045000
0 0.695281 0.026927 0.027219 0.053854
0 0.491000 0.654396 0.024313 0.044708
