1 0.662789 0.287604 0.025109 0.087833
1 0.534719 0.203469 0.029250 0.088813
1 0.496352 0.213219 0.029922 0.075313
1 0.497703 0.256417 0.024063 0.077708
1 0.527852 0.255250 0.024984 0.071167
1 0.843148 0.359229 0.035766 0.079792
1 0.831336 0.324573 0.033297 0.069896
1 0.823570 0.291719 0.024984 0.063604
1 0.695297 0.663385 0.034656 0.055104
1 0.650859 0.672042 0.024969 0.052792
1 0.658742 0.638333 0.027672 0.064583
1 0.652664 0.594792 0.025422 0.065708
1 0.355430 0.642021 0.034016 0.059042
0 0.386687 0.326969 0.029812 0.063937
0 0.751445 0.122250 0.031109 0.073000
0 0.818195 0.176260 0.033703 0.072146
1 0.608797 0.315573 0.027000 0.059396
1 0.612438 0.355354 0.024562 0.066958
