1 0.412180 0.811250 0.031047 0.046792
1 0.520992 0.714927 0.026734 0.054396
1 0.660578 0.654010 0.025875 0.054604
1 0.314633 0.341448 0.029484 0.057437
1 0.314953 0.298240 0.033375 0.081646
1 0.346484 0.613698 0.029812 0.056604
1 0.429891 0.743104 0.030781 0.061917
1 0.494258 0.775417 0.023484 0.051500
1 0.702992 0.653240 0.031047 0.054854
1 0.660727 0.316312 0.024578 0.078625
0 0.589375 0.200625 0.030625 0.074583
0 0.650203 0.152229 0.029813 0.081208
0 0.708352 0.019062 0.020641 0.038125
0 0.291641 0.722708 0.033281 0.050833
0 0.158656 0.771417 0.036156 0.051333
0 0.620172 0.903281 0.032406 0.047104
0 0.020852 0.306354 0.039609 0.065125
0 0.019203 0.260604 0.038406 0.067833
1 0.416820 0.262865 0.033703 0.080354
1 0.520539 0.260885 0.025922 0.079479
1 0.361133 0.309531 0.032422 0.070521
1 0.358539 0.350094 0.031109 0.065229
1 0.314633 0.375573 0.031422 0.061771
