1 0.511422 0.737094 0.022937 0.045104
1 0.690469 0.669583 0.033750 0.056667
1 0.688531 0.617292 0.033937 0.062750
1 0.647125 0.638583 0.028500 0.061750
1 0.645656 0.674833 0.025562 0.045750
1 0.290187 0.613865 0.032125 0.056896
1 0.344750 0.370542 0.026625 0.063250
1 0.351703 0.314271 0.026562 0.065667
1 0.311406 0.295625 0.028906 0.074375
1 0.301016 0.347500 0.031875 0.064792
1 0.486500 0.196542 0.022063 0.079792
1 0.525539 0.197437 0.026766 0.075000
1 0.515414 0.250740 0.020922 0.070604
1 0.655219 0.304396 0.030625 0.070625
1 0.703422 0.305958 0.034531 0.075000
0 0.325812 0.037667 0.031125 0.073000
0 0.661953 0.028656 0.025875 0.057313
0 0.706039 0.027448 0.027703 0.054896
0 0.034039 0.317375 0.039641 0.059750
0 0.034391 0.271677 0.036094 0.046896
0 0.013016 0.258448 0.026031 0.049188
0 0.026812 0.662573 0.042156 0.048438
0 0.203547 0.737344 0.032937 0.042854
