1 0.681828 0.296510 0.028000 0.072063
1 0.745195 0.325271 0.030328 0.071542
1 0.627289 0.479948 0.022359 0.055729
1 0.652078 0.468927 0.027875 0.057896
1 0.684641 0.578021 0.023000 0.053125
1 0.708945 0.561375 0.026891 0.052708
1 0.730969 0.536104 0.035313 0.056583
1 0.512758 0.497229 0.020734 0.056583
1 0.526523 0.474115 0.022359 0.063063
1 0.280281 0.162073 0.033594 0.075396
1 0.374227 0.140312 0.030609 0.075292
1 0.474125 0.102969 0.024313 0.073813
1 0.479109 0.225958 0.028688 0.072000
1 0.567781 0.215917 0.031312 0.082500
0 0.352969 0.521458 0.026250 0.052083
0 0.477781 0.334771 0.024000 0.057750
0 0.449844 0.264021 0.028500 0.061750
0 0.347656 0.231667 0.029063 0.057500
0 0.606250 0.290312 0.025313 0.063958
0 0.628969 0.171063 0.030594 0.068708
0 0.717914 0.423063 0.026328 0.055208
0 0.803297 0.432812 0.032406 0.062708
0 0.819883 0.232687 0.035109 0.068083
