0 0.665328 0.036396 0.025281 0.072792
0 0.694875 0.037885 0.027219 0.073021
0 0.401000 0.670417 0.028312 0.052000
0 0.324313 0.751417 0.030750 0.054000
1 0.316625 0.641615 0.032844 0.056687
1 0.433250 0.707208 0.032250 0.057000
1 0.482375 0.738083 0.027750 0.048750
1 0.526250 0.762083 0.028125 0.048750
1 0.487250 0.778708 0.026625 0.044000
1 0.566461 0.708125 0.031953 0.049792
1 0.604148 0.676927 0.026328 0.053396
1 0.649266 0.585719 0.026094 0.063604
1 0.687289 0.635521 0.040953 0.054000
1 0.310187 0.343313 0.034313 0.063750
1 0.346625 0.369552 0.029563 0.056729
1 0.354438 0.327563 0.032813 0.063750
1 0.312063 0.309063 0.036937 0.070250
1 0.314781 0.272062 0.035250 0.079250
1 0.344687 0.287187 0.030938 0.069500
