1 0.635930 0.630146 0.034297 0.061917
1 0.668469 0.611417 0.040500 0.038875
1 0.693164 0.608177 0.029422 0.057604
1 0.547937 0.728354 0.022687 0.043917
1 0.521172 0.755344 0.023281 0.042479
1 0.525258 0.720792 0.026453 0.059042
1 0.313563 0.638062 0.034344 0.054875
1 0.314031 0.367917 0.034031 0.076667
1 0.313359 0.336417 0.032125 0.067667
1 0.311469 0.298802 0.037531 0.079563
1 0.484773 0.254771 0.023328 0.068292
1 0.516516 0.251552 0.029156 0.073021
1 0.526078 0.186104 0.026250 0.089000
1 0.696781 0.320042 0.028344 0.077042
1 0.697320 0.278812 0.026734 0.086042
0 0.283320 0.728771 0.033297 0.042000
0 0.158273 0.772104 0.038234 0.047083
0 0.020523 0.262719 0.040953 0.062688
0 0.018805 0.303500 0.037609 0.062125
0 0.586922 0.199313 0.024875 0.069458
0 0.650492 0.149542 0.026047 0.071542
0 0.707797 0.015979 0.023188 0.031958
0 0.615883 0.904177 0.025922 0.040604
