0 0.227187 0.490521 0.036875 0.050625
0 0.248281 0.174479 0.035312 0.068542
0 0.553906 0.059958 0.026437 0.074125
0 0.598625 0.220792 0.025875 0.071250
0 0.806188 0.160396 0.032656 0.069167
0 0.202094 0.743542 0.036187 0.052208
0 0.016445 0.295219 0.032891 0.061687
0 0.010742 0.331260 0.021484 0.049604
1 0.314492 0.288823 0.033078 0.078896
1 0.354219 0.310177 0.034656 0.069604
1 0.347359 0.364021 0.036219 0.065708
1 0.284336 0.598948 0.039609 0.071396
1 0.326859 0.618000 0.032844 0.057292
1 0.472062 0.746813 0.029813 0.055750
1 0.584219 0.731875 0.031562 0.053333
1 0.633594 0.694167 0.034375 0.056458
1 0.620156 0.615417 0.036250 0.070833
1 0.728344 0.499708 0.032062 0.073000
1 0.799109 0.550104 0.040813 0.075167
1 0.653375 0.241490 0.027813 0.090354
1 0.521469 0.243844 0.029156 0.089312
1 0.527656 0.131292 0.027937 0.081250
1 0.461484 0.163958 0.032344 0.087500
