0 0.665000 0.036333 0.024000 0.072667
0 0.694359 0.037198 0.027187 0.074396
1 0.315734 0.270208 0.036281 0.084667
1 0.314109 0.313062 0.039531 0.063083
1 0.308117 0.340073 0.039203 0.055729
1 0.345375 0.361667 0.035312 0.067833
1 0.354609 0.323000 0.029813 0.069125
1 0.348461 0.285417 0.031109 0.073458
1 0.339352 0.572740 0.032391 0.065646
1 0.356203 0.638188 0.032406 0.062625
1 0.322023 0.626958 0.031422 0.054875
1 0.336766 0.624146 0.027219 0.065667
1 0.649695 0.582875 0.030234 0.059750
1 0.698297 0.579094 0.037812 0.065146
1 0.697086 0.663875 0.032672 0.059042
1 0.655914 0.692302 0.035641 0.052563
1 0.647656 0.641167 0.027812 0.056833
