1 0.608406 0.070177 0.031719 0.097812
1 0.703836 0.333521 0.028766 0.076208
1 0.687625 0.597396 0.026094 0.057292
1 0.689828 0.292052 0.026438 0.069979
1 0.647805 0.603698 0.024297 0.065688
1 0.649719 0.642698 0.025875 0.050688
1 0.649148 0.674344 0.026547 0.053396
1 0.689656 0.671948 0.031500 0.045604
1 0.697188 0.637594 0.024531 0.047687
1 0.460867 0.716531 0.028109 0.041396
1 0.466258 0.769458 0.029703 0.042125
1 0.502180 0.771073 0.025359 0.039604
1 0.524742 0.738865 0.027266 0.044271
1 0.508680 0.695302 0.025922 0.046437
1 0.476250 0.684677 0.030250 0.046812
