1 0.711359 0.339552 0.027000 0.071271
1 0.663438 0.560833 0.041250 0.037500
1 0.658594 0.603750 0.025500 0.046750
1 0.650531 0.648375 0.019500 0.044000
1 0.683516 0.673333 0.018281 0.035417
1 0.708242 0.639542 0.021422 0.043958
1 0.692219 0.661312 0.023125 0.034167
1 0.554953 0.698500 0.026656 0.053000
1 0.393953 0.669917 0.030188 0.047000
1 0.392453 0.632792 0.040687 0.037750
1 0.354391 0.683667 0.030563 0.046500
1 0.366766 0.655792 0.026063 0.043750
1 0.359172 0.624417 0.032250 0.042000
1 0.698672 0.300125 0.031313 0.068042
1 0.617367 0.075885 0.025578 0.090729
