0 0.349437 0.520667 0.031125 0.051500
0 0.473562 0.332062 0.026562 0.061458
0 0.446609 0.261646 0.030469 0.064375
0 0.345109 0.230458 0.026969 0.059500
0 0.630469 0.166042 0.028125 0.065833
0 0.605359 0.281562 0.031875 0.061667
0 0.719961 0.421042 0.029453 0.056667
0 0.802047 0.429417 0.026094 0.056667
0 0.819922 0.223208 0.019219 0.064583
1 0.623633 0.478635 0.024078 0.047729
1 0.650039 0.468646 0.025328 0.058125
1 0.509109 0.499677 0.020313 0.049771
1 0.524781 0.473531 0.029500 0.056229
1 0.680953 0.581188 0.025125 0.053500
1 0.706547 0.559063 0.026437 0.053250
1 0.730922 0.535313 0.032813 0.047250
1 0.478187 0.220542 0.022969 0.069375
1 0.474828 0.093604 0.027344 0.079375
1 0.567953 0.208667 0.025000 0.077708
1 0.371922 0.134604 0.035469 0.081250
1 0.278641 0.160229 0.035781 0.067917
