0 0.286250 0.731500 0.038187 0.053500
0 0.157266 0.770010 0.040500 0.047771
0 0.022789 0.305542 0.045578 0.064792
0 0.023102 0.263656 0.046203 0.063979
0 0.587570 0.200198 0.025922 0.070563
0 0.650211 0.152125 0.028078 0.070208
0 0.709633 0.017729 0.023859 0.035458
0 0.613203 0.691042 0.027344 0.051667
1 0.793578 0.965406 0.036719 0.040688
1 0.837430 0.970333 0.038078 0.046083
1 0.667531 0.608542 0.039938 0.036750
1 0.694812 0.608146 0.030000 0.054250
1 0.694719 0.663771 0.028313 0.053000
1 0.654500 0.659146 0.028500 0.053750
1 0.315492 0.640906 0.035922 0.054729
1 0.317703 0.375812 0.029531 0.064792
1 0.316844 0.337167 0.029375 0.063750
1 0.315281 0.298312 0.032813 0.083958
1 0.484656 0.253177 0.025188 0.072771
1 0.519414 0.251615 0.022859 0.067187
1 0.529086 0.188094 0.027547 0.089854
1 0.696250 0.322396 0.023750 0.075625
1 0.699805 0.281354 0.026234 0.081208
