0 0.165203 0.444667 0.039156 0.057583
0 0.247047 0.173500 0.035094 0.064042
0 0.016359 0.295469 0.032719 0.060604
0 0.008375 0.333573 0.016750 0.041396
0 0.552609 0.064437 0.027000 0.072708
0 0.693398 0.030240 0.026766 0.059771
0 0.653844 0.014573 0.017844 0.029146
0 0.101844 0.657542 0.042000 0.054750
1 0.347617 0.366031 0.033047 0.071021
1 0.301719 0.605313 0.035000 0.058125
1 0.295906 0.644771 0.033563 0.048500
1 0.471789 0.747479 0.026328 0.045000
1 0.524094 0.726042 0.024750 0.058500
1 0.517680 0.757990 0.028578 0.049813
1 0.661898 0.349875 0.025266 0.070417
1 0.690891 0.332375 0.025594 0.065667
1 0.704992 0.300187 0.025922 0.079917
1 0.523516 0.269521 0.021594 0.066000
1 0.490781 0.268469 0.023625 0.059104
1 0.495273 0.184177 0.020922 0.066896
1 0.525758 0.183271 0.022047 0.070500
1 0.491227 0.227375 0.020484 0.065083
1 0.523625 0.227823 0.025437 0.061188
