1 0.695047 0.604594 0.028781 0.053396
1 0.671031 0.608958 0.042937 0.033000
1 0.694937 0.324010 0.025500 0.068646
1 0.699664 0.285667 0.029922 0.076792
1 0.472141 0.725333 0.025312 0.054583
1 0.526938 0.188188 0.029438 0.084500
1 0.519156 0.252062 0.029625 0.070250
1 0.484375 0.254937 0.028313 0.068500
1 0.312688 0.301042 0.033750 0.080750
0 0.617828 0.904208 0.027500 0.038750
0 0.707039 0.018229 0.021734 0.036458
0 0.650859 0.152500 0.027031 0.071250
0 0.586828 0.201125 0.028281 0.070833
0 0.158344 0.771458 0.038594 0.047083
0 0.288672 0.721479 0.030438 0.048917
1 0.518938 0.714708 0.030156 0.057083
1 0.507453 0.747000 0.032813 0.037917
1 0.498859 0.772937 0.026250 0.051042
1 0.346211 0.612510 0.034422 0.053104
1 0.315609 0.371625 0.036219 0.070500
1 0.313203 0.339281 0.031281 0.059104
