0 0.385023 0.326167 0.031953 0.061792
0 0.664164 0.036635 0.026328 0.073187
0 0.693516 0.037385 0.027000 0.068687
1 0.534086 0.206073 0.028359 0.079604
1 0.528687 0.257219 0.027813 0.068063
1 0.498578 0.258115 0.025906 0.070563
1 0.496016 0.213083 0.029438 0.079917
1 0.658641 0.357875 0.027000 0.063000
1 0.654711 0.327729 0.024516 0.059708
1 0.697117 0.374823 0.025203 0.059688
1 0.663711 0.281083 0.024516 0.075000
1 0.699141 0.295771 0.027000 0.063000
1 0.699820 0.334479 0.025203 0.058792
1 0.695570 0.664271 0.032391 0.059042
1 0.652937 0.673448 0.029687 0.046437
1 0.657930 0.631677 0.025641 0.056521
1 0.651445 0.593344 0.025109 0.062646
1 0.354063 0.644708 0.035937 0.061583
