0 0.387664 0.217177 0.026734 0.069479
0 0.663805 0.032917 0.027016 0.065833
0 0.705531 0.025896 0.029969 0.051792
0 0.203680 0.738573 0.036453 0.052563
0 0.022234 0.700448 0.042531 0.049187
0 0.025500 0.659646 0.039594 0.047417
0 0.033219 0.319521 0.037500 0.061000
0 0.035094 0.275396 0.039750 0.053750
0 0.014172 0.258260 0.028344 0.052521
1 0.486672 0.215854 0.027281 0.068750
1 0.489234 0.259771 0.023219 0.073792
1 0.518938 0.253656 0.027531 0.077396
1 0.657852 0.273750 0.026891 0.077333
1 0.656062 0.341354 0.029813 0.065667
1 0.693812 0.346542 0.028844 0.069125
1 0.695453 0.275792 0.027188 0.065750
1 0.697047 0.312917 0.031875 0.061500
1 0.659828 0.313042 0.021938 0.059750
1 0.690891 0.613563 0.031313 0.058000
1 0.693516 0.664813 0.034312 0.053500
1 0.643641 0.674062 0.031312 0.047500
1 0.650391 0.634063 0.026812 0.054500
1 0.511727 0.736729 0.026453 0.054958
1 0.469547 0.697594 0.029156 0.056521
