1 0.691586 0.369698 0.025203 0.057604
1 0.762930 0.584427 0.031484 0.062729
1 0.705539 0.334146 0.026109 0.057292
1 0.696320 0.290615 0.026078 0.065021
1 0.661875 0.285958 0.028875 0.073500
1 0.647625 0.330958 0.024000 0.066000
1 0.658687 0.359333 0.022500 0.063250
1 0.489977 0.221875 0.025672 0.072500
1 0.480891 0.185125 0.024000 0.075500
1 0.351680 0.274979 0.033516 0.069000
1 0.358992 0.327490 0.026547 0.057604
1 0.350664 0.365146 0.029703 0.061500
1 0.316352 0.369344 0.032172 0.060896
1 0.306109 0.327781 0.036000 0.066604
1 0.309383 0.289990 0.035328 0.065396
