0 0.098758 0.332344 0.034422 0.062396
0 0.083750 0.424583 0.038750 0.056250
0 0.202969 0.471146 0.033750 0.057292
0 0.016430 0.260865 0.032859 0.057146
0 0.320227 0.211563 0.027453 0.060000
0 0.435406 0.096667 0.031313 0.070500
0 0.594391 0.219073 0.029469 0.071396
0 0.721984 0.032271 0.028219 0.064000
0 0.204266 0.738781 0.033031 0.047437
1 0.220156 0.390740 0.035000 0.069104
1 0.199609 0.542396 0.045781 0.060625
1 0.312492 0.296594 0.031328 0.075604
1 0.351641 0.318927 0.031312 0.068396
1 0.344484 0.370396 0.029969 0.064083
1 0.458492 0.173760 0.023172 0.080396
1 0.526344 0.130240 0.031500 0.080104
1 0.517281 0.246896 0.030937 0.080417
1 0.653375 0.240292 0.032250 0.081250
1 0.614102 0.613031 0.032297 0.066104
1 0.631242 0.696813 0.033047 0.056583
1 0.577625 0.729427 0.028844 0.052687
1 0.462117 0.745844 0.025922 0.046646
