1 0.950812 0.116344 0.031500 0.063313
0 0.396203 0.592688 0.032844 0.051292
0 0.525852 0.198500 0.027047 0.065917
1 0.427891 0.811979 0.030250 0.050042
1 0.298156 0.892260 0.034281 0.045729
1 0.490437 0.818771 0.029469 0.044708
1 0.622375 0.866812 0.027187 0.039250
1 0.686172 0.919583 0.025781 0.040000
1 0.748844 0.868958 0.032969 0.045000
1 0.710094 0.613323 0.030250 0.053646
1 0.949680 0.146948 0.035547 0.057896
0 0.774797 0.644500 0.029438 0.049000
0 0.847812 0.419063 0.030625 0.053125
0 0.372844 0.060875 0.027813 0.070917
0 0.423344 0.145448 0.030375 0.064188
0 0.471156 0.056198 0.031500 0.071687
0 0.527297 0.087844 0.028125 0.069604
0 0.591125 0.168823 0.031062 0.074104
1 0.464750 0.130792 0.025875 0.082750
1 0.662922 0.284615 0.021156 0.071396
1 0.697352 0.290021 0.027453 0.073792
1 0.372516 0.433688 0.029969 0.062292
1 0.253984 0.638958 0.039969 0.066958
