0 0.403680 0.437677 0.025109 0.054729
0 0.095898 0.681250 0.039141 0.040500
0 0.093195 0.714250 0.040047 0.036292
0 0.241547 0.857583 0.038250 0.041708
0 0.426219 0.935667 0.025312 0.042000
0 0.572180 0.741125 0.030234 0.048583
0 0.649758 0.477708 0.026109 0.054583
0 0.541641 0.214844 0.028344 0.068396
1 0.204344 0.545323 0.036000 0.050104
1 0.066695 0.553927 0.039828 0.051312
1 0.035250 0.630281 0.044531 0.039188
1 0.029477 0.684927 0.041141 0.046646
1 0.334844 0.607708 0.032500 0.049167
1 0.462031 0.722708 0.025625 0.048333
1 0.549922 0.569844 0.022344 0.046146
1 0.453211 0.288292 0.031266 0.074833
1 0.254563 0.366635 0.032406 0.062646
1 0.301547 0.361010 0.036281 0.062646
1 0.344477 0.359510 0.032078 0.067396
1 0.346906 0.299896 0.031750 0.058750
1 0.300086 0.233573 0.026234 0.065229
1 0.357258 0.145250 0.031734 0.078667
