1 0.816273 0.154833 0.030703 0.089167
1 0.816859 0.219635 0.034219 0.083979
1 0.697055 0.609177 0.031578 0.065521
1 0.765500 0.663625 0.034563 0.070917
1 0.622164 0.768260 0.037766 0.049771
1 0.455937 0.780208 0.023125 0.046667
1 0.463859 0.733083 0.027500 0.053750
1 0.432188 0.707187 0.029687 0.054375
1 0.316484 0.640656 0.034875 0.054896
1 0.348984 0.367813 0.027031 0.058125
1 0.313328 0.344562 0.032500 0.059583
1 0.317703 0.319042 0.032500 0.057292
1 0.353406 0.329458 0.032344 0.060625
1 0.317500 0.276354 0.031563 0.071042
1 0.345562 0.290979 0.035156 0.071667
0 0.740375 0.162667 0.028594 0.066250
0 0.651156 0.151146 0.027219 0.072000
0 0.709969 0.016823 0.025875 0.033646
0 0.398844 0.667958 0.030000 0.049500
0 0.323937 0.747833 0.031312 0.046750
0 0.159922 0.773646 0.037656 0.049792
