0 0.448156 0.196167 0.027937 0.067000
0 0.541406 0.215250 0.028313 0.069250
0 0.650961 0.478521 0.027609 0.057542
0 0.571828 0.740177 0.026562 0.044063
0 0.269492 0.772635 0.030484 0.043562
0 0.426438 0.933125 0.029844 0.037292
1 0.298516 0.230323 0.029469 0.063896
1 0.389547 0.255458 0.031281 0.066000
1 0.356109 0.144031 0.029656 0.077771
1 0.578859 0.417969 0.028125 0.063604
1 0.364836 0.479552 0.029859 0.065937
1 0.338492 0.607208 0.025641 0.054375
1 0.281297 0.707250 0.032625 0.050708
1 0.463711 0.719646 0.025203 0.052208
1 0.480695 0.789698 0.033984 0.044687
1 0.552570 0.563177 0.023609 0.047187
1 0.798625 0.678917 0.038281 0.048125
1 0.777055 0.609750 0.034828 0.047708
