1 0.356883 0.620740 0.027859 0.046229
1 0.608758 0.074948 0.027547 0.088979
1 0.535187 0.704406 0.021594 0.053646
1 0.692164 0.297760 0.028766 0.066354
1 0.705586 0.337146 0.027609 0.070500
1 0.697227 0.637052 0.041984 0.043021
1 0.680109 0.670740 0.026438 0.034729
1 0.652422 0.599896 0.022687 0.046792
1 0.659797 0.560583 0.041844 0.028083
1 0.577609 0.659177 0.023219 0.052896
1 0.302125 0.670635 0.034344 0.047521
1 0.334687 0.649896 0.031438 0.050958
1 0.339383 0.585531 0.034984 0.048396
1 0.296617 0.593958 0.027203 0.050542
1 0.285281 0.635854 0.031750 0.043625
