1 0.347023 0.362760 0.031734 0.068396
1 0.352422 0.321521 0.034437 0.066292
1 0.345453 0.281010 0.032625 0.068104
1 0.310344 0.343719 0.035781 0.065687
1 0.313945 0.314167 0.033984 0.060000
1 0.311695 0.268865 0.038484 0.076188
1 0.659078 0.355104 0.023656 0.067833
1 0.694219 0.369479 0.025938 0.064792
1 0.700703 0.298917 0.029438 0.070000
1 0.699391 0.338292 0.025312 0.063250
1 0.648969 0.583677 0.024625 0.065229
1 0.698523 0.583490 0.040141 0.059687
1 0.696922 0.662292 0.029812 0.058333
1 0.654961 0.693396 0.036609 0.057458
1 0.645891 0.643281 0.028844 0.053146
0 0.661117 0.038333 0.027203 0.076667
0 0.694742 0.035813 0.029484 0.071625
