1 0.494906 0.180958 0.022687 0.073875
1 0.527633 0.184844 0.028516 0.072146
1 0.488914 0.258927 0.023641 0.076896
1 0.522609 0.263042 0.022344 0.070417
1 0.493125 0.222219 0.022344 0.067396
1 0.526820 0.220062 0.027547 0.062208
1 0.608305 0.353156 0.029797 0.069104
1 0.700164 0.303646 0.032078 0.079917
1 0.347617 0.361448 0.029797 0.073021
1 0.371273 0.372896 0.027859 0.067375
1 0.378172 0.414396 0.026781 0.067458
1 0.783672 0.337500 0.038594 0.079167
1 0.635109 0.695312 0.031281 0.054292
1 0.585078 0.728406 0.030375 0.049812
1 0.471227 0.749104 0.028578 0.052208
0 0.248555 0.173333 0.036172 0.068750
0 0.165969 0.444042 0.040313 0.057250
0 0.101484 0.656458 0.038281 0.051250
0 0.015703 0.294417 0.031406 0.067000
0 0.007969 0.250698 0.015938 0.049312
0 0.554516 0.060115 0.027000 0.074896
0 0.692656 0.024792 0.028125 0.048750
0 0.653930 0.013062 0.024391 0.026125
