1 0.707961 0.640073 0.028359 0.045729
1 0.756430 0.547187 0.042672 0.057958
1 0.690953 0.597240 0.027813 0.053646
1 0.653828 0.601552 0.031875 0.052187
1 0.654641 0.639000 0.031313 0.045000
1 0.651938 0.672844 0.022687 0.043563
1 0.687312 0.671042 0.025375 0.047167
1 0.699563 0.299375 0.032125 0.070208
1 0.710234 0.336990 0.027531 0.069854
1 0.615648 0.077010 0.027891 0.090896
1 0.358109 0.625698 0.032281 0.058063
1 0.351305 0.661198 0.027984 0.051312
1 0.484086 0.692312 0.025266 0.050292
1 0.516156 0.691531 0.028000 0.049771
1 0.561297 0.566458 0.029062 0.066750
