1 0.499031 0.259813 0.024844 0.077042
1 0.526578 0.255667 0.027000 0.073792
1 0.496070 0.213365 0.028078 0.076313
1 0.825445 0.294906 0.025922 0.073438
1 0.832328 0.321688 0.032406 0.064083
1 0.843125 0.360729 0.034563 0.080250
1 0.663031 0.561844 0.042937 0.049312
1 0.696375 0.661563 0.028625 0.057250
1 0.516437 0.691302 0.028688 0.051479
1 0.518219 0.739437 0.026250 0.053250
1 0.658797 0.634187 0.027406 0.054583
1 0.652937 0.673979 0.026500 0.048333
1 0.608625 0.287063 0.030781 0.076333
1 0.610789 0.323062 0.024297 0.069833
1 0.611195 0.355823 0.022953 0.062646
0 0.392813 0.204479 0.033438 0.071875
0 0.752406 0.121385 0.028344 0.071271
0 0.818852 0.178948 0.032141 0.065813
