1 0.696914 0.323281 0.026016 0.073438
0 0.285578 0.731615 0.032406 0.050104
0 0.159484 0.772542 0.045906 0.048000
0 0.617469 0.904042 0.028688 0.040750
0 0.589063 0.201042 0.024687 0.072917
0 0.651719 0.153354 0.026562 0.074750
0 0.709234 0.020042 0.022688 0.040083
0 0.020063 0.305833 0.040125 0.061958
0 0.023242 0.263177 0.045641 0.065187
1 0.314063 0.640865 0.037250 0.054729
1 0.317414 0.373510 0.034672 0.068687
1 0.315477 0.338938 0.032734 0.066958
1 0.314180 0.300063 0.034016 0.085083
1 0.485102 0.255167 0.027266 0.078833
1 0.517242 0.250479 0.025109 0.067333
1 0.528156 0.188750 0.028062 0.082083
1 0.698469 0.282510 0.025875 0.078354
1 0.638437 0.631083 0.037812 0.061917
1 0.668133 0.607677 0.043203 0.033104
1 0.693789 0.610740 0.027547 0.056521
1 0.688656 0.640260 0.024844 0.043562
1 0.521086 0.757250 0.026891 0.046667
1 0.530500 0.716000 0.028812 0.056583
