1 0.528422 0.183260 0.030000 0.091021
1 0.519281 0.250969 0.031094 0.068562
0 0.586977 0.198104 0.026734 0.072708
0 0.650289 0.153104 0.029703 0.072000
0 0.707352 0.020104 0.025297 0.040208
0 0.019281 0.306667 0.038562 0.063000
0 0.019555 0.264042 0.039109 0.065000
0 0.159789 0.770375 0.042766 0.051833
0 0.290203 0.721344 0.036625 0.048813
0 0.618352 0.903448 0.028078 0.042479
1 0.312797 0.299010 0.036000 0.081896
1 0.314492 0.340927 0.029922 0.052187
1 0.316172 0.376177 0.031500 0.065687
1 0.345867 0.610302 0.032672 0.061563
1 0.470125 0.724562 0.029063 0.056500
1 0.517281 0.712062 0.029625 0.053500
1 0.507875 0.745167 0.037875 0.033500
1 0.499844 0.771937 0.027000 0.046250
1 0.652539 0.606250 0.031953 0.067083
1 0.663242 0.658854 0.039453 0.051875
1 0.698414 0.321875 0.029234 0.079375
1 0.614273 0.292083 0.029359 0.087292
1 0.486859 0.255031 0.026875 0.073771
