0 0.012797 0.064760 0.025594 0.055438
0 0.050734 0.021229 0.032188 0.042458
0 0.129219 0.016813 0.026250 0.033625
0 0.040250 0.168792 0.036000 0.059750
0 0.011023 0.169635 0.022047 0.046271
0 0.665234 0.026771 0.026875 0.053542
0 0.694922 0.026042 0.026875 0.052083
1 0.115016 0.232625 0.034031 0.063083
1 0.074227 0.223656 0.040172 0.072188
1 0.035500 0.229187 0.031719 0.054792
1 0.010445 0.224802 0.020891 0.060229
1 0.078852 0.159240 0.046578 0.084813
1 0.114320 0.161948 0.039391 0.079396
1 0.126742 0.097052 0.040484 0.075854
1 0.086352 0.097260 0.045953 0.076688
1 0.086742 0.045281 0.041422 0.072729
1 0.040445 0.109323 0.041578 0.066688
1 0.049586 0.065885 0.040797 0.051896
1 0.012937 0.116208 0.025875 0.049167
