1 0.299617 0.232000 0.032172 0.067792
1 0.392094 0.256448 0.031719 0.062687
1 0.579180 0.418000 0.028516 0.063083
1 0.362812 0.477427 0.030750 0.060979
1 0.336875 0.606510 0.030594 0.053104
1 0.278937 0.706292 0.035312 0.046500
1 0.463664 0.717604 0.027453 0.044417
1 0.482227 0.787198 0.027672 0.042604
0 0.427211 0.933365 0.026766 0.036604
0 0.571328 0.739271 0.029250 0.042000
0 0.540586 0.212615 0.029703 0.064437
0 0.449469 0.194604 0.032125 0.063000
0 0.270211 0.773281 0.036609 0.039313
0 0.647867 0.476927 0.029172 0.054437
1 0.799344 0.675990 0.036906 0.042604
1 0.550437 0.562292 0.024375 0.052250
1 0.777070 0.608948 0.035547 0.051896
1 0.359375 0.146250 0.031562 0.079167
