1 0.522094 0.244865 0.028344 0.088562
1 0.460586 0.166396 0.026609 0.084917
1 0.529109 0.129854 0.028219 0.080625
1 0.652062 0.238948 0.027406 0.077396
1 0.729320 0.501010 0.033484 0.068771
1 0.800406 0.548385 0.041937 0.067396
1 0.617438 0.616365 0.032813 0.066896
1 0.634688 0.693854 0.030000 0.053125
1 0.583844 0.727760 0.032969 0.050937
1 0.469438 0.745177 0.028313 0.051312
1 0.260461 0.520292 0.036453 0.058500
1 0.347687 0.365979 0.028375 0.065125
1 0.356719 0.311188 0.028281 0.074167
1 0.312883 0.287854 0.033734 0.075000
1 0.304531 0.330562 0.034219 0.075000
0 0.597453 0.222906 0.026250 0.075604
0 0.806328 0.158594 0.033281 0.070312
0 0.554250 0.060417 0.028125 0.077000
0 0.246203 0.173021 0.034656 0.067500
0 0.167492 0.447219 0.042516 0.060312
0 0.103594 0.656875 0.043438 0.050000
0 0.015820 0.296042 0.031641 0.063125
0 0.009883 0.250521 0.019766 0.047917
