0 0.104094 0.657042 0.040312 0.050250
0 0.166086 0.442844 0.037328 0.059104
0 0.247344 0.174479 0.031500 0.063250
0 0.555461 0.063062 0.028578 0.070792
0 0.693500 0.027083 0.024750 0.054167
0 0.654391 0.016406 0.018000 0.032813
0 0.017023 0.294677 0.034047 0.062438
0 0.010047 0.330073 0.020094 0.043229
1 0.348047 0.362708 0.029156 0.070000
1 0.488945 0.260948 0.023328 0.074021
1 0.524312 0.265802 0.021937 0.069062
1 0.496469 0.184500 0.018750 0.066000
1 0.528813 0.184125 0.021937 0.063750
1 0.528156 0.231979 0.020250 0.066458
1 0.491594 0.227625 0.022500 0.060750
1 0.302289 0.606094 0.034672 0.060062
1 0.341523 0.624104 0.033703 0.053583
1 0.297141 0.645062 0.034344 0.050542
1 0.336508 0.659521 0.032078 0.042333
1 0.655914 0.596969 0.029891 0.046646
1 0.651422 0.626469 0.032656 0.037937
1 0.694156 0.648146 0.034063 0.063333
1 0.654625 0.662625 0.029687 0.049792
