1 0.834844 0.969271 0.043438 0.044375
1 0.653219 0.661125 0.027344 0.061875
1 0.690484 0.675083 0.026875 0.050208
1 0.690797 0.639979 0.023438 0.051250
1 0.696883 0.609771 0.026234 0.060833
1 0.664859 0.606125 0.038125 0.039375
1 0.314531 0.638646 0.033125 0.053125
1 0.528234 0.185771 0.033563 0.091250
1 0.519141 0.248896 0.032625 0.075000
1 0.485672 0.254396 0.024937 0.066000
1 0.697664 0.319562 0.026766 0.076792
1 0.698656 0.279635 0.027219 0.081313
1 0.313516 0.369969 0.037344 0.072604
1 0.315203 0.335469 0.030375 0.069604
1 0.313070 0.296771 0.034641 0.082208
0 0.020391 0.302615 0.040781 0.060896
0 0.020680 0.261385 0.039234 0.060979
0 0.159484 0.772198 0.038594 0.048813
0 0.286727 0.733417 0.035641 0.053542
0 0.588703 0.200917 0.026438 0.074125
0 0.650273 0.151719 0.031641 0.073854
0 0.709773 0.016865 0.025672 0.033729
0 0.618125 0.903396 0.026719 0.039375
