1 0.511977 0.180510 0.022672 0.088563
1 0.658102 0.286573 0.025922 0.078604
1 0.670086 0.316594 0.029797 0.069562
1 0.654695 0.363896 0.024297 0.071708
1 0.694000 0.649292 0.032813 0.060750
1 0.655563 0.599667 0.027187 0.052000
1 0.649844 0.624292 0.021375 0.044750
1 0.653602 0.660292 0.033391 0.055250
1 0.301797 0.607760 0.038563 0.058313
1 0.340680 0.622240 0.034672 0.050104
1 0.336945 0.660469 0.032391 0.049687
1 0.296773 0.647729 0.033703 0.049250
0 0.070312 0.277792 0.040500 0.066208
0 0.694359 0.027365 0.026406 0.054729
0 0.653805 0.016427 0.021266 0.032854
0 0.016141 0.294385 0.032281 0.066312
0 0.008937 0.327240 0.017875 0.045604
1 0.308445 0.304010 0.033516 0.067187
1 0.343547 0.317365 0.029469 0.069313
1 0.311367 0.350979 0.030828 0.063333
