0 0.603727 0.557469 0.026109 0.050396
0 0.645711 0.536740 0.026328 0.045312
0 0.648297 0.576646 0.026094 0.049500
0 0.535250 0.885583 0.027000 0.038000
0 0.334328 0.877625 0.032813 0.045250
0 0.658266 0.031896 0.029687 0.063792
0 0.687742 0.032813 0.029703 0.065625
1 0.274531 0.660771 0.039563 0.054250
1 0.351719 0.669396 0.032063 0.052250
1 0.319977 0.571688 0.033984 0.051292
1 0.302469 0.362292 0.033906 0.061875
1 0.303148 0.283625 0.038922 0.079500
1 0.345219 0.303719 0.033531 0.068104
1 0.470430 0.216094 0.031047 0.078604
1 0.485281 0.262896 0.030594 0.067208
1 0.513406 0.256437 0.031500 0.079500
1 0.648609 0.287823 0.028344 0.069312
1 0.696758 0.302677 0.027453 0.064188
1 0.653227 0.349469 0.024078 0.060604
1 0.482172 0.705917 0.029062 0.045500
1 0.519953 0.717917 0.022500 0.048000
1 0.514375 0.769792 0.023438 0.042083
