1 0.661797 0.282292 0.023281 0.077917
1 0.697328 0.288646 0.028281 0.080208
1 0.754812 0.347208 0.033375 0.068083
1 0.782109 0.430958 0.037312 0.064500
1 0.736469 0.564063 0.031500 0.058208
1 0.770047 0.572437 0.030375 0.061208
1 0.745969 0.645938 0.028125 0.049792
1 0.479172 0.181792 0.026625 0.082750
1 0.357609 0.325292 0.031125 0.060750
1 0.314766 0.369917 0.033562 0.057500
1 0.306047 0.330542 0.034875 0.064750
1 0.309938 0.291792 0.035063 0.067250
1 0.350562 0.277979 0.035156 0.071250
1 0.488906 0.224896 0.029375 0.071458
1 0.349172 0.365917 0.031500 0.062000
