0 0.638617 0.352781 0.027453 0.065104
0 0.669109 0.419229 0.026312 0.055792
0 0.574047 0.334177 0.026094 0.060896
0 0.511047 0.315729 0.026562 0.061792
0 0.511164 0.445625 0.025422 0.052792
0 0.528109 0.740604 0.026594 0.042875
0 0.746766 0.070438 0.029375 0.072292
0 0.773484 0.079708 0.027188 0.066250
0 0.788641 0.049813 0.023125 0.066042
1 0.521953 0.377604 0.027656 0.066458
1 0.565609 0.389708 0.027500 0.061875
1 0.556156 0.451688 0.027656 0.060833
1 0.616078 0.466271 0.023750 0.058333
1 0.662953 0.475646 0.025000 0.052500
1 0.623734 0.405438 0.030000 0.060000
1 0.679125 0.357000 0.027656 0.068542
1 0.649188 0.681458 0.028281 0.051458
1 0.594992 0.675083 0.024953 0.049250
1 0.537555 0.662708 0.028016 0.054167
1 0.488219 0.655188 0.030469 0.050000
1 0.478297 0.730500 0.027187 0.046875
1 0.598453 0.755198 0.022656 0.046687
1 0.649469 0.761458 0.025625 0.047917
