1 0.660500 0.471687 0.025875 0.060458
0 0.725313 0.428854 0.025625 0.054375
0 0.807484 0.441896 0.031250 0.056458
0 0.827094 0.242167 0.029063 0.065500
0 0.640844 0.174812 0.031687 0.069250
0 0.617313 0.290938 0.027000 0.060000
0 0.460531 0.256667 0.029438 0.058500
0 0.489758 0.332281 0.024484 0.061688
0 0.360797 0.515042 0.031125 0.048000
0 0.359867 0.219479 0.033047 0.069458
1 0.288094 0.145354 0.037562 0.075583
1 0.385523 0.126271 0.040172 0.084250
1 0.485516 0.094177 0.027219 0.079063
1 0.490719 0.219917 0.030937 0.069250
1 0.750180 0.251625 0.020703 0.070500
1 0.752516 0.296313 0.028562 0.064500
1 0.751891 0.333531 0.033469 0.062063
1 0.634062 0.477781 0.023750 0.055437
1 0.525930 0.498302 0.022422 0.055438
1 0.541055 0.469687 0.027266 0.064458
1 0.690219 0.583667 0.026063 0.048000
1 0.713859 0.562646 0.027000 0.042750
1 0.737672 0.538021 0.025875 0.046500
