1 0.471094 0.724396 0.025281 0.058042
1 0.497531 0.773125 0.022156 0.040417
1 0.508617 0.747208 0.037328 0.034208
1 0.518727 0.714552 0.031891 0.058063
1 0.668750 0.611583 0.038250 0.036833
1 0.696516 0.607656 0.030375 0.054312
1 0.313789 0.639823 0.031859 0.058313
1 0.312734 0.302937 0.036156 0.079333
1 0.312547 0.340521 0.040437 0.052875
1 0.317406 0.379406 0.031500 0.057021
1 0.485250 0.255312 0.025125 0.068958
1 0.518250 0.251542 0.022500 0.065500
1 0.529031 0.185667 0.029812 0.085250
1 0.698508 0.325948 0.027203 0.065229
1 0.697695 0.283823 0.026234 0.081229
0 0.158805 0.771365 0.039422 0.043562
0 0.287195 0.731333 0.035922 0.045000
0 0.020141 0.306021 0.038937 0.064833
0 0.019984 0.263406 0.039969 0.064938
0 0.587055 0.202604 0.025922 0.072708
0 0.650914 0.151667 0.028891 0.075958
0 0.708187 0.018729 0.022687 0.036292
0 0.618719 0.903750 0.028500 0.043500
