0 0.594500 0.218760 0.028812 0.069604
0 0.722570 0.033021 0.029484 0.066042
0 0.434859 0.099604 0.025594 0.073792
0 0.320703 0.212813 0.028906 0.062292
0 0.100531 0.332083 0.034875 0.058250
0 0.086063 0.428344 0.039656 0.058063
0 0.203922 0.472260 0.034656 0.059187
0 0.203805 0.738521 0.031953 0.052208
0 0.018383 0.261375 0.035641 0.064125
1 0.519313 0.747917 0.030000 0.046000
1 0.508648 0.942333 0.033047 0.046125
1 0.464766 0.749854 0.029937 0.051917
1 0.657875 0.638167 0.021375 0.073500
1 0.688344 0.615292 0.030187 0.063250
1 0.703578 0.312417 0.036500 0.075583
1 0.652937 0.236729 0.032469 0.077083
1 0.518883 0.247656 0.028141 0.083729
1 0.527367 0.134448 0.028109 0.079687
1 0.456953 0.172292 0.025781 0.081667
1 0.311297 0.296750 0.029687 0.070417
1 0.351687 0.319250 0.024844 0.068750
1 0.342891 0.370729 0.026406 0.062708
1 0.220312 0.393437 0.031875 0.061458
1 0.199453 0.541875 0.038906 0.055000
