1 0.693047 0.295000 0.031719 0.070000
1 0.607656 0.071833 0.025625 0.095042
1 0.703086 0.333094 0.032391 0.069313
1 0.684727 0.668677 0.030828 0.048604
1 0.700359 0.634917 0.031500 0.049500
1 0.654141 0.599375 0.023906 0.047917
1 0.659922 0.562500 0.038281 0.037917
1 0.581344 0.661167 0.026250 0.051500
1 0.536250 0.704417 0.024563 0.051500
1 0.303844 0.671167 0.031719 0.052500
1 0.287992 0.640875 0.031922 0.052500
1 0.297102 0.594667 0.030359 0.050708
1 0.390156 0.642063 0.040500 0.054292
1 0.339078 0.605458 0.040063 0.064500
1 0.336258 0.651219 0.030797 0.047396
