0 0.667625 0.032688 0.022500 0.065375
0 0.182484 0.441146 0.034500 0.055250
1 0.149055 0.437344 0.032516 0.063646
1 0.235922 0.435146 0.037500 0.063250
1 0.285234 0.438271 0.030375 0.062500
1 0.305406 0.021458 0.026063 0.042917
1 0.163555 0.067125 0.038922 0.085167
1 0.204219 0.118719 0.035625 0.068271
1 0.205625 0.073583 0.035156 0.076042
1 0.254453 0.075667 0.032500 0.068958
1 0.253281 0.115875 0.032031 0.068542
1 0.297875 0.132312 0.027344 0.066250
1 0.296234 0.180208 0.031594 0.072708
1 0.252437 0.179583 0.032344 0.067500
1 0.195719 0.173958 0.039531 0.076667
1 0.152656 0.182188 0.035937 0.066458
0 0.256406 0.020833 0.030000 0.041667
0 0.207156 0.020615 0.029375 0.041229
0 0.159703 0.141292 0.034312 0.063250
0 0.296359 0.072990 0.031875 0.062104
0 0.696984 0.035677 0.028125 0.070812
