0 0.722164 0.032604 0.031516 0.065208
1 0.487398 0.197552 0.021141 0.089396
1 0.524867 0.201750 0.026328 0.076208
1 0.518336 0.255906 0.020922 0.069896
1 0.653562 0.240219 0.030375 0.081312
1 0.703578 0.311854 0.034875 0.085208
1 0.687391 0.615208 0.029625 0.067000
1 0.658703 0.634792 0.022875 0.065833
1 0.519781 0.747094 0.030594 0.049188
1 0.463836 0.747844 0.027672 0.050687
1 0.508719 0.936083 0.030187 0.041500
1 0.200555 0.545875 0.042453 0.068250
1 0.311414 0.296542 0.029672 0.071917
1 0.352039 0.316240 0.026328 0.069896
1 0.343203 0.370521 0.028594 0.063125
1 0.303359 0.352688 0.029531 0.059167
0 0.203109 0.738823 0.031281 0.050104
0 0.086625 0.430479 0.038938 0.066083
0 0.206156 0.472292 0.036188 0.056250
0 0.100359 0.333875 0.042375 0.062500
0 0.017156 0.265635 0.034313 0.063562
0 0.319609 0.211354 0.029844 0.065625
0 0.434609 0.098750 0.032656 0.073333
0 0.595477 0.219302 0.028516 0.068896
