1 0.708930 0.338406 0.029703 0.073813
1 0.696766 0.297521 0.026781 0.069292
1 0.612227 0.074708 0.027672 0.094208
1 0.797102 0.791552 0.037641 0.058188
1 0.472750 0.759042 0.033563 0.052750
1 0.654734 0.645042 0.029031 0.046208
1 0.756320 0.546781 0.030609 0.062104
1 0.693094 0.656583 0.027906 0.046500
1 0.691859 0.595396 0.026781 0.049500
1 0.651578 0.601521 0.029031 0.050417
1 0.517062 0.693417 0.031562 0.051042
1 0.482734 0.691875 0.030156 0.049167
1 0.350281 0.665083 0.029813 0.042500
1 0.358906 0.628583 0.030563 0.054000
1 0.559453 0.567187 0.023594 0.063542
