0 0.258359 0.044896 0.035781 0.070625
0 0.351047 0.031563 0.034281 0.063125
0 0.550117 0.216375 0.026891 0.065667
0 0.382773 0.263698 0.033047 0.068687
0 0.379172 0.483219 0.032406 0.056396
0 0.396953 0.567073 0.030594 0.050396
1 0.341195 0.601385 0.031109 0.060646
1 0.429609 0.691844 0.028781 0.055979
1 0.199250 0.760271 0.035375 0.054958
1 0.289820 0.401010 0.036109 0.066354
1 0.415945 0.311844 0.030297 0.074646
1 0.181148 0.296052 0.024141 0.072063
1 0.280320 0.146771 0.038109 0.081458
1 0.376734 0.123938 0.033438 0.090708
1 0.478984 0.091281 0.027219 0.087604
