0 0.285414 0.730865 0.033203 0.051479
0 0.157453 0.769813 0.041531 0.050375
0 0.617016 0.903375 0.034063 0.040833
0 0.587078 0.200771 0.026094 0.073208
0 0.651008 0.153969 0.027922 0.077104
0 0.709180 0.017490 0.024328 0.034979
0 0.019930 0.306271 0.039859 0.064500
0 0.022062 0.262042 0.044125 0.067833
1 0.343633 0.613104 0.034297 0.054625
1 0.469422 0.722687 0.028750 0.058125
1 0.507078 0.744354 0.039062 0.040208
1 0.518797 0.713208 0.034375 0.055000
1 0.498984 0.773094 0.029687 0.041771
1 0.669219 0.610344 0.041031 0.039604
1 0.694602 0.606740 0.033484 0.056146
1 0.697609 0.324833 0.031688 0.072000
1 0.699484 0.282104 0.027937 0.077042
1 0.529109 0.186094 0.031500 0.087896
1 0.519781 0.245646 0.028125 0.075583
1 0.485914 0.255396 0.023391 0.071083
1 0.316359 0.374812 0.028125 0.066000
1 0.314203 0.340188 0.030563 0.063750
1 0.314016 0.297760 0.032625 0.078604
