0 0.158594 0.166042 0.031562 0.060833
0 0.198437 0.157708 0.031406 0.060417
0 0.286562 0.037292 0.030156 0.059167
0 0.171516 0.050125 0.034688 0.061250
0 0.667273 0.026385 0.027266 0.052562
0 0.696711 0.027229 0.028891 0.054458
1 0.156250 0.232292 0.034687 0.065417
1 0.194234 0.238240 0.032469 0.066438
1 0.227219 0.236896 0.035000 0.071667
1 0.264016 0.241583 0.027656 0.063958
1 0.233539 0.155458 0.034859 0.078333
1 0.270187 0.158375 0.032813 0.071250
1 0.280187 0.087083 0.031719 0.073333
1 0.244875 0.097708 0.031406 0.070417
1 0.211547 0.106656 0.034437 0.059562
1 0.169078 0.097188 0.037031 0.067917
1 0.213031 0.047552 0.032125 0.075604
1 0.249617 0.047917 0.031859 0.074875
1 0.173594 0.018594 0.029687 0.037188
