0 0.587734 0.200479 0.027531 0.066958
0 0.650750 0.153188 0.028500 0.076042
0 0.709063 0.017823 0.025000 0.035646
0 0.020344 0.307885 0.039688 0.063312
0 0.020148 0.267198 0.040078 0.063812
0 0.285602 0.733458 0.032672 0.045375
0 0.158297 0.771979 0.036719 0.047500
1 0.313141 0.637625 0.036281 0.054875
1 0.473039 0.702635 0.046984 0.034562
1 0.491344 0.723781 0.045437 0.037563
1 0.493742 0.763292 0.032734 0.058750
1 0.697141 0.608187 0.032406 0.052500
1 0.666992 0.610740 0.041859 0.041396
1 0.696594 0.327792 0.023000 0.059625
1 0.699188 0.278979 0.024313 0.079500
1 0.315344 0.377937 0.030594 0.063000
1 0.314219 0.343146 0.030156 0.058208
1 0.314211 0.303115 0.035547 0.075938
1 0.485375 0.254469 0.023844 0.069312
1 0.518117 0.252823 0.025422 0.069604
1 0.528461 0.186969 0.026328 0.089104
