0 0.556406 0.730333 0.026719 0.040625
0 0.551656 0.586271 0.022656 0.047917
0 0.515172 0.589604 0.025625 0.048333
0 0.634781 0.572615 0.024844 0.046896
0 0.631656 0.024104 0.027656 0.048208
0 0.678375 0.625104 0.026250 0.048958
0 0.663609 0.024000 0.025000 0.048000
1 0.636859 0.780396 0.028313 0.042750
1 0.596547 0.779896 0.024937 0.043750
1 0.564766 0.784271 0.022500 0.040500
1 0.521547 0.789021 0.024562 0.042000
1 0.520891 0.732906 0.027750 0.046271
1 0.594859 0.724271 0.028688 0.047000
1 0.676609 0.719146 0.033187 0.051750
1 0.668266 0.670271 0.028875 0.048000
1 0.631047 0.675896 0.027187 0.048750
1 0.590453 0.677896 0.029250 0.045250
1 0.596359 0.626521 0.027562 0.051500
1 0.638359 0.625521 0.031313 0.050000
1 0.672672 0.562646 0.027562 0.056750
1 0.506297 0.633167 0.022344 0.055417
0 0.514734 0.684667 0.028125 0.042000
