1 0.968023 0.059552 0.041766 0.072021
1 0.889609 0.057708 0.037656 0.077917
1 0.931203 0.062969 0.034062 0.066437
1 0.968234 0.116833 0.036250 0.060417
1 0.931094 0.118583 0.026875 0.068125
1 0.975469 0.191458 0.027813 0.049583
1 0.992156 0.252281 0.015687 0.051104
1 0.974859 0.248677 0.029156 0.055437
1 0.935438 0.186219 0.031313 0.064437
1 0.886297 0.180458 0.030250 0.068042
1 0.905203 0.235719 0.029156 0.067687
0 0.940281 0.244854 0.032031 0.060208
0 0.933766 0.025750 0.030625 0.051500
0 0.885641 0.026687 0.030938 0.053375
0 0.903359 0.116979 0.031719 0.057708
0 0.720062 0.021552 0.021094 0.043104
0 0.705922 0.041125 0.027813 0.064792
0 0.679672 0.034979 0.025312 0.064583
