1 0.515031 0.984771 0.026719 0.030458
1 0.576047 0.805583 0.026562 0.039167
1 0.537062 0.842562 0.024844 0.041875
1 0.484875 0.845896 0.026406 0.043125
1 0.430578 0.846104 0.031250 0.043958
1 0.499641 0.890375 0.025937 0.041667
1 0.529328 0.890792 0.024688 0.042500
1 0.567063 0.889125 0.022031 0.043750
1 0.568625 0.942271 0.025781 0.041208
1 0.519953 0.942667 0.031250 0.047083
1 0.484563 0.981833 0.032031 0.034167
0 0.662820 0.024271 0.028109 0.048542
0 0.633297 0.022979 0.025938 0.045958
0 0.480500 0.944083 0.025875 0.039583
0 0.433969 0.891583 0.028750 0.037917
0 0.526156 0.801479 0.028125 0.041042
0 0.477484 0.794021 0.026094 0.043208
0 0.422109 0.786354 0.027969 0.040625
1 0.420188 0.934958 0.030469 0.038750
1 0.420344 0.984750 0.025469 0.030000
