0 0.386656 0.327292 0.030187 0.063250
0 0.665758 0.036542 0.022141 0.070917
0 0.693977 0.036000 0.024578 0.066250
1 0.323641 0.290375 0.033594 0.072792
1 0.350938 0.320854 0.033125 0.074042
1 0.488570 0.225677 0.028453 0.083979
1 0.525898 0.247760 0.030328 0.083354
1 0.697500 0.581052 0.042375 0.059104
1 0.697688 0.662969 0.031875 0.057021
1 0.656281 0.691479 0.034594 0.052875
1 0.645977 0.643792 0.029547 0.053917
1 0.649867 0.583656 0.024891 0.067396
1 0.659008 0.359854 0.022359 0.060917
1 0.696852 0.378469 0.027859 0.048813
1 0.664008 0.280417 0.027609 0.071250
1 0.700414 0.293792 0.028516 0.066958
1 0.652148 0.325771 0.018797 0.067833
1 0.698148 0.343740 0.027859 0.060396
