1 0.568258 0.208687 0.024109 0.077750
1 0.681281 0.288844 0.029156 0.079313
1 0.748938 0.315542 0.037719 0.070500
1 0.622641 0.476438 0.024375 0.056667
1 0.650766 0.466750 0.028437 0.060208
1 0.681094 0.579583 0.025312 0.054167
1 0.702719 0.557479 0.025469 0.048125
1 0.727016 0.535083 0.028125 0.049583
1 0.503953 0.712500 0.026250 0.051458
1 0.553852 0.758333 0.031672 0.038958
1 0.462500 0.850000 0.025000 0.042083
1 0.144547 0.741042 0.040500 0.048292
1 0.156914 0.833437 0.040953 0.048292
1 0.087172 0.786333 0.037344 0.044708
0 0.231797 0.798542 0.037344 0.044583
0 0.289578 0.830896 0.039844 0.042083
0 0.385133 0.748677 0.032234 0.046396
0 0.356992 0.703604 0.030641 0.045000
0 0.604219 0.283042 0.031750 0.070000
0 0.630234 0.166146 0.031406 0.070208
0 0.821359 0.223917 0.022312 0.064000
0 0.802438 0.429125 0.022344 0.060833
0 0.718359 0.420625 0.029219 0.059167
