1 0.797219 0.790583 0.034500 0.055000
1 0.478039 0.669219 0.029703 0.054896
1 0.513477 0.691875 0.024984 0.051000
1 0.530914 0.728771 0.023859 0.046208
1 0.351703 0.662500 0.023438 0.048750
1 0.356398 0.625875 0.032828 0.053000
1 0.706695 0.338938 0.029172 0.072000
1 0.694820 0.296271 0.031859 0.073083
1 0.612391 0.075083 0.027000 0.095750
1 0.612500 0.739667 0.025500 0.054000
1 0.654234 0.603771 0.027375 0.058500
1 0.653586 0.643719 0.025297 0.041604
1 0.694078 0.652896 0.030187 0.044250
1 0.691766 0.594427 0.027906 0.051896
1 0.756969 0.542792 0.033937 0.063750
