1 0.554469 0.759313 0.026875 0.043958
0 0.799742 0.429219 0.031859 0.065521
0 0.718063 0.420406 0.031594 0.057229
0 0.383859 0.747021 0.032344 0.041250
0 0.354563 0.702542 0.029375 0.039792
0 0.287562 0.831771 0.030000 0.042292
0 0.229750 0.797500 0.031875 0.041250
1 0.730891 0.536687 0.033375 0.065250
1 0.706156 0.561156 0.024625 0.060479
1 0.682188 0.578969 0.026562 0.053312
1 0.652047 0.464833 0.031750 0.064792
1 0.625641 0.477354 0.026906 0.056167
1 0.747141 0.313208 0.035969 0.088167
1 0.681047 0.286344 0.034656 0.081063
1 0.567492 0.211500 0.030016 0.085000
1 0.085891 0.789031 0.042969 0.045604
1 0.158562 0.835990 0.044312 0.045896
1 0.145063 0.739240 0.040719 0.052188
1 0.461797 0.850000 0.024531 0.039583
1 0.506656 0.716500 0.023438 0.047917
0 0.819937 0.223729 0.021094 0.066667
0 0.606281 0.282198 0.030250 0.067313
0 0.628695 0.162156 0.027453 0.067187
