0 0.661516 0.024948 0.025719 0.049896
0 0.506273 0.159333 0.026203 0.063000
0 0.522203 0.308740 0.023500 0.056521
0 0.554203 0.147271 0.025375 0.064792
0 0.627898 0.132531 0.024859 0.065479
0 0.491148 0.266250 0.023484 0.058667
0 0.655180 0.175531 0.026453 0.063729
1 0.667617 0.116240 0.025547 0.072063
0 0.633563 0.025073 0.024937 0.050146
1 0.611875 0.179062 0.024375 0.086042
1 0.600508 0.229000 0.023484 0.077042
1 0.638031 0.222875 0.025656 0.072708
1 0.641406 0.281198 0.027000 0.065521
1 0.613867 0.351750 0.025391 0.062625
1 0.565531 0.361656 0.023219 0.064438
1 0.535164 0.371375 0.022953 0.055792
1 0.499656 0.379646 0.019437 0.057958
1 0.479539 0.317552 0.021328 0.064062
1 0.555445 0.299552 0.021922 0.061938
1 0.561758 0.244479 0.024828 0.066958
1 0.566211 0.187948 0.028359 0.073438
1 0.484812 0.208646 0.027000 0.073792
