1 0.902797 0.904427 0.029156 0.032396
1 0.868500 0.773563 0.038875 0.047167
1 0.905766 0.778604 0.036187 0.042833
1 0.917648 0.836917 0.043203 0.045000
1 0.955039 0.781115 0.034297 0.038521
1 0.864727 0.906938 0.035641 0.038875
1 0.868914 0.962562 0.036453 0.039958
1 0.984984 0.623646 0.030031 0.031667
0 0.865859 0.628750 0.031094 0.042500
0 0.908781 0.636917 0.033594 0.042292
0 0.949875 0.629208 0.032031 0.043542
0 0.986672 0.667333 0.026562 0.044792
0 0.862781 0.837490 0.032563 0.039563
0 0.667750 0.032813 0.026094 0.065625
0 0.695328 0.037708 0.025938 0.062500
