0 0.180680 0.598573 0.027266 0.046437
0 0.207141 0.599646 0.030500 0.050750
0 0.247594 0.645042 0.028938 0.042500
0 0.148000 0.648625 0.034531 0.048125
0 0.140586 0.762500 0.034453 0.045000
0 0.186875 0.755833 0.031719 0.044583
1 0.246641 0.806458 0.028281 0.033333
1 0.217484 0.800542 0.028437 0.036875
1 0.188734 0.802833 0.032812 0.038542
1 0.158039 0.803344 0.034828 0.042062
1 0.216500 0.750854 0.032031 0.037083
1 0.253922 0.747313 0.028125 0.038750
1 0.251109 0.694917 0.033125 0.041458
1 0.215719 0.695958 0.033906 0.041042
1 0.183844 0.698562 0.030156 0.042083
1 0.147984 0.700854 0.036250 0.043750
1 0.183688 0.646896 0.034531 0.040000
1 0.216258 0.645010 0.029703 0.042104
1 0.253609 0.594604 0.030625 0.052083
1 0.149703 0.595229 0.036250 0.047917
0 0.664922 0.026146 0.029844 0.052292
0 0.695797 0.027865 0.030469 0.055729
