0 0.680078 0.037187 0.028281 0.064792
1 0.558422 0.209687 0.030750 0.071750
1 0.708391 0.137125 0.026719 0.074167
1 0.631047 0.210562 0.027344 0.076042
1 0.671266 0.201187 0.027844 0.063958
1 0.702766 0.241813 0.023594 0.062292
1 0.668000 0.251917 0.027813 0.062917
1 0.631047 0.271500 0.024531 0.052083
1 0.632359 0.305542 0.023469 0.046833
1 0.658078 0.319937 0.024531 0.053958
1 0.700156 0.302500 0.027188 0.065833
1 0.694562 0.371917 0.027500 0.054167
1 0.661875 0.374688 0.022812 0.061875
1 0.540969 0.378063 0.020938 0.055625
1 0.547734 0.313125 0.027031 0.060000
0 0.632453 0.343354 0.024063 0.053125
0 0.709047 0.204365 0.025344 0.056521
0 0.673836 0.149104 0.023484 0.054000
0 0.633789 0.167771 0.026734 0.061250
0 0.556844 0.158969 0.025656 0.061562
0 0.549555 0.263167 0.029984 0.059792
0 0.719453 0.021229 0.019469 0.042458
0 0.707031 0.040938 0.025000 0.066875
