1 0.536062 0.042667 0.025000 0.076875
1 0.490062 0.108271 0.027187 0.070542
1 0.531875 0.120458 0.033750 0.074875
1 0.484758 0.217656 0.024297 0.072729
1 0.525664 0.221073 0.022953 0.066604
1 0.564273 0.222333 0.023484 0.071292
1 0.608141 0.222146 0.025375 0.068750
1 0.617219 0.154583 0.030750 0.073000
1 0.620688 0.089083 0.024563 0.072000
1 0.578273 0.064604 0.026547 0.059958
1 0.570742 0.151469 0.024984 0.078896
1 0.631617 0.006958 0.019328 0.013917
0 0.667523 0.027333 0.027016 0.054667
0 0.695375 0.027208 0.026063 0.054417
0 0.625680 0.033792 0.028578 0.043208
0 0.488672 0.158646 0.028281 0.058542
0 0.530047 0.161688 0.028750 0.056042
0 0.495969 0.032844 0.028750 0.065687
