1 0.475828 0.197417 0.027188 0.076750
1 0.368203 0.206917 0.028688 0.069250
1 0.405234 0.254667 0.025500 0.067750
1 0.438703 0.266167 0.026813 0.068750
1 0.467953 0.307042 0.023438 0.062000
1 0.463359 0.378417 0.024750 0.064250
1 0.462328 0.442042 0.019688 0.053000
1 0.431016 0.443417 0.021938 0.062750
1 0.399984 0.446167 0.024000 0.055250
1 0.364359 0.438292 0.027375 0.057500
1 0.435937 0.320333 0.023438 0.060250
1 0.433875 0.371833 0.023438 0.058750
1 0.404531 0.316083 0.026250 0.064750
1 0.367125 0.303333 0.025687 0.073250
0 0.405859 0.198969 0.027000 0.060854
0 0.439102 0.213729 0.026734 0.059042
0 0.472797 0.249062 0.025469 0.051667
0 0.367375 0.255396 0.028875 0.056000
0 0.400687 0.379792 0.027187 0.055750
0 0.363094 0.371292 0.028125 0.061750
0 0.663320 0.027500 0.027828 0.055000
0 0.692391 0.028021 0.026250 0.056042
