1 0.032313 0.131865 0.050750 0.074896
1 0.153859 0.038479 0.042125 0.073875
1 0.156594 0.206635 0.041031 0.074146
1 0.217758 0.139500 0.038609 0.078833
1 0.274859 0.158208 0.042656 0.078125
1 0.373680 0.139135 0.037266 0.083146
1 0.172109 0.307708 0.044219 0.069417
1 0.269805 0.294656 0.043672 0.076146
1 0.409492 0.318542 0.036391 0.071667
1 0.336180 0.606052 0.033703 0.057896
1 0.068398 0.552698 0.044391 0.055729
1 0.598211 0.640177 0.029391 0.057854
1 0.476359 0.843083 0.027812 0.052208
0 0.648164 0.477365 0.026766 0.052812
1 0.193656 0.763687 0.043094 0.043208
0 0.023492 0.304344 0.040172 0.061354
0 0.112719 0.233927 0.038625 0.062563
0 0.345648 0.040562 0.031859 0.070208
0 0.313188 0.015708 0.023781 0.031417
0 0.541727 0.212969 0.026891 0.072146
0 0.572531 0.739875 0.029437 0.045000
0 0.389523 0.724208 0.032672 0.047167
