1 0.867133 0.962323 0.035766 0.038104
1 0.915398 0.835271 0.040047 0.042000
1 0.903609 0.901969 0.026844 0.035187
1 0.866906 0.774365 0.036687 0.036604
1 0.906719 0.777542 0.038438 0.039250
1 0.954430 0.778719 0.034422 0.039896
1 0.985250 0.721229 0.028563 0.032458
0 0.865469 0.734583 0.030000 0.037917
0 0.908234 0.731958 0.031875 0.040833
0 0.947688 0.726917 0.034531 0.036750
0 0.863687 0.835396 0.035625 0.038750
0 0.667203 0.035854 0.024750 0.062083
0 0.694086 0.037656 0.026766 0.066313
1 0.864055 0.905469 0.035547 0.038396
