1 0.665828 0.027104 0.024969 0.054208
1 0.697320 0.026354 0.027672 0.052708
1 0.482031 0.244896 0.029375 0.051875
1 0.524844 0.202292 0.027563 0.048250
1 0.569063 0.207271 0.028688 0.057750
1 0.623266 0.260646 0.026063 0.060500
1 0.481375 0.359937 0.025312 0.052000
1 0.527219 0.363698 0.025875 0.048479
0 0.481328 0.412396 0.022344 0.058958
0 0.523688 0.416042 0.026562 0.055625
0 0.558531 0.416250 0.022500 0.066458
0 0.605172 0.418021 0.025156 0.057500
0 0.565250 0.361979 0.023125 0.066667
0 0.606109 0.363542 0.026406 0.064792
0 0.611766 0.299896 0.021781 0.071250
0 0.567203 0.299792 0.023281 0.061875
0 0.523719 0.299167 0.026313 0.064792
0 0.478297 0.297344 0.026719 0.064062
0 0.524000 0.246771 0.028125 0.064167
0 0.574000 0.250104 0.026875 0.072083
0 0.492281 0.199375 0.025625 0.069375
0 0.618781 0.205583 0.024188 0.069750
