1 0.180680 0.598573 0.027266 0.046437
1 0.207141 0.599646 0.030500 0.050750
1 0.247594 0.645042 0.028938 0.042500
1 0.148000 0.648625 0.034531 0.048125
1 0.140586 0.762500 0.034453 0.045000
1 0.186875 0.755833 0.031719 0.044583
0 0.246641 0.806458 0.028281 0.033333
0 0.217484 0.800542 0.028437 0.036875
0 0.188734 0.802833 0.032812 0.038542
0 0.158039 0.803344 0.034828 0.042062
0 0.216500 0.750854 0.032031 0.037083
0 0.253922 0.747313 0.028125 0.038750
0 0.251109 0.694917 0.033125 0.041458
0 0.215719 0.695958 0.033906 0.041042
0 0.183844 0.698562 0.030156 0.042083
0 0.147984 0.700854 0.036250 0.043750
0 0.183688 0.646896 0.034531 0.040000
0 0.216258 0.645010 0.029703 0.042104
0 0.253609 0.594604 0.030625 0.052083
0 0.149703 0.595229 0.036250 0.047917
1 0.664922 0.026146 0.029844 0.052292
1 0.695797 0.027865 0.030469 0.055729
