1 0.218531 0.231948 0.031594 0.062646
1 0.184922 0.244896 0.032937 0.056875
1 0.152922 0.286844 0.030500 0.055813
1 0.305203 0.288823 0.029969 0.058312
1 0.184242 0.402406 0.030516 0.052188
1 0.153461 0.386563 0.031047 0.054375
1 0.665750 0.026531 0.026063 0.053062
1 0.695656 0.027281 0.028875 0.054562
0 0.155281 0.472708 0.032344 0.049792
0 0.185906 0.475000 0.032344 0.059792
0 0.219031 0.480208 0.033906 0.059375
0 0.298875 0.475698 0.028812 0.053188
0 0.298906 0.412542 0.032063 0.066250
0 0.219859 0.418333 0.030750 0.060000
0 0.300672 0.330208 0.032250 0.061750
0 0.217984 0.312208 0.033750 0.063750
0 0.218547 0.365833 0.034875 0.061500
0 0.152094 0.338625 0.039000 0.062750
0 0.185758 0.357750 0.033922 0.057000
0 0.186695 0.295000 0.031703 0.063000
0 0.155539 0.223052 0.034016 0.061188
0 0.303953 0.236552 0.031156 0.066604
