1 0.719055 0.038375 0.028078 0.076750
1 0.751164 0.041542 0.028078 0.074167
1 0.300383 0.256781 0.030453 0.067396
1 0.263609 0.199750 0.030781 0.070833
1 0.229094 0.210344 0.032406 0.068687
1 0.191516 0.245542 0.032406 0.064792
1 0.189156 0.347937 0.031313 0.063000
1 0.218938 0.370552 0.030875 0.052229
0 0.195258 0.183313 0.037266 0.069833
0 0.300422 0.207104 0.031312 0.075958
0 0.225234 0.260375 0.032125 0.068042
0 0.257898 0.282521 0.032672 0.062625
0 0.297453 0.320500 0.028625 0.057250
0 0.293398 0.397802 0.029703 0.060896
0 0.290719 0.461208 0.027937 0.058750
0 0.251625 0.452458 0.031875 0.063250
0 0.218531 0.445833 0.030562 0.059500
0 0.186078 0.437219 0.033750 0.057729
0 0.255250 0.389688 0.030156 0.061667
0 0.256125 0.338521 0.033750 0.061667
0 0.223234 0.325604 0.030781 0.057083
0 0.190109 0.303417 0.037344 0.058125
