1 0.568586 0.588104 0.023766 0.049167
1 0.621008 0.645813 0.023578 0.047917
1 0.524914 0.627375 0.023922 0.050208
1 0.477422 0.604146 0.026406 0.047083
1 0.474266 0.720542 0.027813 0.047083
1 0.508227 0.830438 0.026453 0.043542
1 0.667484 0.033875 0.024844 0.067750
1 0.696297 0.036677 0.026469 0.062271
0 0.471742 0.677406 0.023766 0.046438
0 0.519016 0.676031 0.025656 0.051479
0 0.562750 0.678198 0.029969 0.043563
0 0.610953 0.716896 0.024844 0.041042
0 0.607344 0.761667 0.026250 0.046250
0 0.559602 0.740208 0.025328 0.051250
0 0.513820 0.731250 0.028734 0.043333
0 0.511750 0.787917 0.025250 0.038750
0 0.555000 0.806562 0.029219 0.041458
0 0.551094 0.845000 0.024219 0.040000
0 0.600273 0.833229 0.024453 0.032708
0 0.468109 0.842104 0.025625 0.045000
0 0.470688 0.789813 0.023906 0.044167
0 0.625750 0.605875 0.028500 0.039000
