0 0.255984 0.425437 0.030000 0.060750
0 0.251500 0.542063 0.030187 0.050750
0 0.246625 0.597187 0.031688 0.050500
0 0.253656 0.654813 0.027750 0.044250
0 0.218406 0.654938 0.032625 0.045500
0 0.214094 0.598688 0.029625 0.050000
0 0.215937 0.542042 0.031500 0.053250
0 0.212219 0.487187 0.031500 0.055500
0 0.179125 0.489063 0.033937 0.053750
0 0.179656 0.542917 0.035813 0.051000
0 0.186156 0.656573 0.029625 0.047729
0 0.154188 0.661188 0.036188 0.050000
0 0.145562 0.541562 0.040688 0.058250
0 0.156625 0.421438 0.031688 0.054000
1 0.183109 0.601271 0.030781 0.043917
1 0.137047 0.602875 0.035937 0.051042
1 0.140937 0.493990 0.035000 0.054854
1 0.241695 0.490563 0.029422 0.049458
1 0.187141 0.427542 0.031312 0.053000
1 0.216766 0.429042 0.031688 0.055500
1 0.666797 0.025906 0.029625 0.051813
1 0.696703 0.026781 0.027937 0.053562
