0 0.646312 0.697667 0.032344 0.043958
0 0.708891 0.610000 0.031906 0.044250
0 0.549047 0.800292 0.022500 0.043125
0 0.548969 0.851333 0.024219 0.035625
0 0.700453 0.836750 0.028125 0.031875
0 0.656313 0.854771 0.027344 0.036250
0 0.655297 0.823521 0.028750 0.032500
0 0.598891 0.792167 0.027813 0.043542
0 0.700766 0.719854 0.027187 0.045000
0 0.703109 0.762458 0.033437 0.038125
0 0.651016 0.759583 0.028281 0.042917
1 0.548281 0.726906 0.026875 0.042896
0 0.595453 0.742042 0.026250 0.044375
0 0.593734 0.686625 0.033125 0.046875
0 0.546875 0.687708 0.029375 0.039167
1 0.695414 0.037437 0.025109 0.063708
1 0.666383 0.035271 0.024297 0.068750
1 0.597813 0.833271 0.027188 0.041250
1 0.549828 0.608990 0.023000 0.048396
1 0.592250 0.627771 0.023625 0.047083
1 0.641031 0.601219 0.024625 0.047521
1 0.705992 0.640740 0.028828 0.039313
