1 0.672375 0.972875 0.028125 0.042000
0 0.747109 0.729625 0.027656 0.037292
0 0.712734 0.795354 0.028281 0.043333
0 0.750156 0.781500 0.034375 0.040208
0 0.750234 0.831604 0.034531 0.039583
0 0.748594 0.914417 0.030625 0.037292
0 0.746953 0.972542 0.028281 0.035208
0 0.714141 0.961292 0.031406 0.041042
0 0.629063 0.965667 0.025000 0.036458
0 0.712109 0.920073 0.026406 0.037646
0 0.627969 0.887396 0.028125 0.036875
0 0.673063 0.876396 0.029219 0.044792
0 0.713063 0.845469 0.027031 0.036646
0 0.673211 0.777219 0.026734 0.036521
0 0.675250 0.817562 0.025469 0.037917
0 0.623828 0.764583 0.025469 0.045000
1 0.695047 0.038427 0.026781 0.067313
1 0.667828 0.033729 0.027219 0.065708
1 0.617852 0.716052 0.026328 0.041396
1 0.709203 0.719500 0.026781 0.037500
1 0.671180 0.738250 0.026766 0.040208
1 0.622219 0.811021 0.026250 0.038750
