0 0.200523 0.183125 0.037578 0.073208
0 0.293789 0.243573 0.029703 0.065687
0 0.245188 0.238771 0.033313 0.073500
0 0.251484 0.177875 0.032406 0.063292
0 0.294352 0.178021 0.033516 0.076792
0 0.147648 0.248833 0.035766 0.069000
0 0.155070 0.180427 0.036672 0.069604
0 0.206711 0.119229 0.032391 0.067792
0 0.162500 0.068521 0.040281 0.082792
0 0.204687 0.071969 0.036906 0.077104
0 0.252281 0.114135 0.032625 0.073813
0 0.253477 0.076323 0.033672 0.073813
0 0.298813 0.130188 0.030187 0.066750
1 0.296484 0.073125 0.030781 0.060417
1 0.257492 0.021469 0.029391 0.042937
1 0.211008 0.019281 0.032359 0.038563
0 0.307922 0.021948 0.025656 0.043896
1 0.200094 0.222042 0.032813 0.060750
1 0.159125 0.140896 0.037125 0.060000
1 0.666992 0.034469 0.026828 0.068938
1 0.696719 0.038563 0.028125 0.066750
