1 0.183938 0.442938 0.030625 0.054167
0 0.302969 0.223292 0.030187 0.070750
0 0.240875 0.277688 0.032000 0.062542
0 0.199844 0.280917 0.036187 0.064500
0 0.168719 0.278542 0.039563 0.067250
0 0.149063 0.438271 0.033969 0.060000
0 0.154688 0.395229 0.037125 0.056708
0 0.200031 0.391781 0.036906 0.065396
0 0.200141 0.340021 0.034875 0.065708
0 0.247422 0.339688 0.033906 0.063125
0 0.293438 0.338750 0.029531 0.061875
0 0.284453 0.387760 0.029531 0.066354
0 0.259375 0.392500 0.031406 0.059792
0 0.238828 0.438750 0.033125 0.061458
0 0.286484 0.442604 0.029062 0.055833
1 0.696742 0.038875 0.029047 0.071458
1 0.667133 0.034604 0.026422 0.068333
1 0.152484 0.347365 0.035625 0.059563
1 0.164844 0.221219 0.035312 0.066104
1 0.202430 0.222521 0.032078 0.066958
1 0.249898 0.224031 0.028516 0.058771
1 0.288453 0.283646 0.029156 0.057042
