1 0.493109 0.463938 0.024656 0.054583
0 0.586172 0.493396 0.020469 0.043542
0 0.428211 0.664188 0.026703 0.048125
0 0.426500 0.710125 0.022656 0.040000
0 0.491750 0.708854 0.026562 0.037292
0 0.528547 0.694479 0.022656 0.048125
0 0.570344 0.681354 0.023750 0.038958
0 0.531750 0.639271 0.029063 0.048542
0 0.574062 0.629687 0.027813 0.043542
0 0.577766 0.589896 0.026094 0.046458
0 0.530969 0.590000 0.022187 0.048750
0 0.492609 0.586562 0.025156 0.051875
0 0.533781 0.537604 0.022188 0.056042
0 0.490500 0.527917 0.023438 0.053333
0 0.436094 0.534479 0.023438 0.051875
1 0.695203 0.025625 0.027187 0.051250
1 0.663875 0.024729 0.026406 0.049458
1 0.492484 0.658563 0.022813 0.046042
1 0.427953 0.604812 0.025625 0.046875
1 0.582406 0.539563 0.024250 0.044583
1 0.538484 0.460187 0.023281 0.049583
1 0.445828 0.469458 0.027031 0.056042
