0 0.269219 0.310958 0.033531 0.063000
0 0.379570 0.313354 0.028828 0.066000
0 0.375062 0.388312 0.027937 0.063500
0 0.301344 0.442542 0.032438 0.051750
0 0.366898 0.505688 0.027141 0.054875
0 0.310516 0.510958 0.032625 0.057500
0 0.247047 0.505708 0.036938 0.057000
0 0.241984 0.564833 0.035813 0.051750
0 0.230922 0.623458 0.039938 0.054000
0 0.293266 0.637458 0.035625 0.054000
0 0.351820 0.639375 0.029891 0.050833
0 0.340047 0.712958 0.026812 0.044000
0 0.288297 0.697958 0.029438 0.050000
0 0.256422 0.685208 0.032813 0.051500
1 0.306094 0.584375 0.029438 0.045500
1 0.366563 0.582500 0.027375 0.050250
1 0.334609 0.313333 0.029531 0.056250
1 0.366812 0.443875 0.029813 0.049750
1 0.320312 0.392750 0.031313 0.053500
1 0.267937 0.380750 0.031937 0.054000
1 0.666766 0.026031 0.028281 0.052062
1 0.696531 0.026240 0.030000 0.052479
