0 0.618805 0.333844 0.027547 0.068271
0 0.611711 0.457104 0.028109 0.055875
0 0.562375 0.450000 0.019219 0.058125
0 0.501172 0.445104 0.025469 0.061042
0 0.504797 0.382604 0.026250 0.060417
0 0.566461 0.391354 0.032703 0.058750
0 0.460047 0.378437 0.025531 0.067500
0 0.447406 0.658542 0.026875 0.048542
0 0.497172 0.659531 0.030781 0.052604
0 0.556703 0.661719 0.028594 0.054479
0 0.611547 0.660729 0.028906 0.052083
0 0.619125 0.739062 0.024062 0.042500
0 0.566359 0.740156 0.027281 0.053646
0 0.443031 0.736167 0.027562 0.046000
1 0.446070 0.319927 0.025422 0.059396
1 0.512773 0.324583 0.026547 0.058500
1 0.576906 0.331323 0.027000 0.061188
1 0.613352 0.397021 0.024297 0.057000
1 0.456172 0.447667 0.026406 0.055917
1 0.493906 0.738021 0.027188 0.043958
1 0.668438 0.033125 0.026562 0.066250
1 0.694266 0.036625 0.023281 0.066667
