1 0.670719 0.824604 0.027344 0.035000
0 0.668375 0.789792 0.027000 0.040750
0 0.587203 0.812312 0.029063 0.041500
0 0.627234 0.826438 0.030375 0.044250
0 0.591234 0.860812 0.026250 0.039500
0 0.631359 0.879563 0.024375 0.036000
0 0.596859 0.912812 0.033000 0.036042
1 0.633141 0.023938 0.025937 0.047875
0 0.505172 0.981906 0.026625 0.036188
0 0.508281 0.929688 0.025312 0.035208
0 0.501891 0.816792 0.027031 0.043542
1 0.506055 0.880771 0.026734 0.036708
1 0.662906 0.023635 0.027344 0.047271
1 0.557773 0.924333 0.025391 0.038875
1 0.549531 0.783927 0.025656 0.044646
1 0.505109 0.777990 0.029156 0.040687
1 0.624469 0.786479 0.026719 0.038750
