0 0.312125 0.241917 0.027375 0.062000
0 0.274562 0.225396 0.031313 0.070500
0 0.238938 0.230396 0.029062 0.064000
0 0.198437 0.232021 0.036188 0.067250
0 0.277656 0.152271 0.028875 0.072250
0 0.314781 0.160646 0.027375 0.070500
0 0.319188 0.089146 0.029812 0.074000
0 0.280094 0.103146 0.029250 0.065500
0 0.241937 0.114146 0.027937 0.064500
0 0.199422 0.107260 0.029906 0.069229
0 0.242672 0.049521 0.031250 0.077083
0 0.282594 0.052437 0.029219 0.065417
1 0.324688 0.038125 0.027500 0.062917
1 0.202641 0.050469 0.033750 0.056688
1 0.200328 0.165958 0.031250 0.058333
1 0.242047 0.157729 0.032813 0.059375
1 0.664156 0.027917 0.026094 0.055833
1 0.694758 0.027021 0.029703 0.054042
