0 0.382859 0.600979 0.026781 0.046125
0 0.237164 0.616958 0.031328 0.051458
0 0.287938 0.630594 0.030531 0.048229
0 0.329867 0.587667 0.031328 0.054042
0 0.379930 0.654312 0.030359 0.048667
0 0.283719 0.857115 0.032187 0.044604
0 0.236766 0.737208 0.031719 0.046458
0 0.668859 0.033094 0.027656 0.066187
0 0.695969 0.037542 0.028125 0.066042
0 0.233937 0.849667 0.033531 0.039583
0 0.324484 0.851740 0.029250 0.043187
0 0.355867 0.833885 0.024984 0.036313
0 0.233336 0.793094 0.033328 0.042896
0 0.280383 0.796833 0.031953 0.039000
0 0.325695 0.790094 0.028578 0.039896
0 0.364164 0.768042 0.027672 0.042000
0 0.370031 0.722135 0.025844 0.048604
0 0.323781 0.731438 0.030594 0.046208
0 0.279914 0.742688 0.031484 0.038708
0 0.233695 0.670990 0.034422 0.051896
0 0.278805 0.680135 0.034641 0.044396
0 0.324813 0.660937 0.028125 0.049208
