0 0.882391 0.275448 0.041719 0.067521
0 0.924188 0.280438 0.034375 0.067125
0 0.932391 0.338573 0.036094 0.057063
0 0.886250 0.392604 0.035313 0.051875
0 0.904922 0.447708 0.040156 0.054167
0 0.973664 0.453031 0.038609 0.054396
0 0.990148 0.461021 0.019703 0.049792
0 0.981945 0.403792 0.036109 0.053000
0 0.938750 0.390937 0.045312 0.056458
0 0.968906 0.338438 0.042500 0.057708
0 0.991320 0.352479 0.017359 0.038542
0 0.960844 0.281229 0.035469 0.058958
0 0.987102 0.237792 0.025797 0.045417
1 0.875937 0.228854 0.030625 0.055625
1 0.925391 0.233583 0.032500 0.054792
1 0.960156 0.237646 0.031406 0.053333
1 0.677906 0.038687 0.025938 0.063750
1 0.707281 0.042469 0.027500 0.064521
1 0.901109 0.335042 0.029344 0.058333
1 0.931063 0.449083 0.028125 0.049167
