1 0.658359 0.355625 0.019844 0.060833
1 0.691164 0.368510 0.019828 0.060646
1 0.701461 0.342854 0.024891 0.074667
1 0.709039 0.300854 0.027609 0.070500
1 0.667422 0.286344 0.022187 0.074646
1 0.653227 0.319010 0.024922 0.060146
1 0.480586 0.696385 0.028516 0.040604
1 0.512500 0.686656 0.025594 0.048813
1 0.530641 0.716469 0.019125 0.041896
1 0.522547 0.767615 0.023656 0.043104
1 0.489500 0.775000 0.023000 0.046667
1 0.480906 0.730938 0.023969 0.044917
1 0.951969 0.146375 0.036094 0.078333
1 0.954008 0.116583 0.034547 0.069583
0 0.591781 0.167615 0.025281 0.065229
0 0.526328 0.198062 0.025469 0.065417
0 0.523086 0.151594 0.026547 0.064812
0 0.533547 0.085292 0.025438 0.069000
0 0.510484 0.091594 0.024750 0.070813
0 0.503281 0.047948 0.027906 0.065104
0 0.848117 0.419958 0.029422 0.054750
0 0.775789 0.643719 0.028609 0.051479
0 0.396750 0.782708 0.029187 0.046792
