1 0.653047 0.647292 0.028281 0.061250
1 0.665078 0.346563 0.027031 0.066458
1 0.694203 0.329208 0.025781 0.076458
1 0.707563 0.302021 0.030000 0.084167
1 0.348516 0.363417 0.033125 0.070417
1 0.301250 0.607292 0.037500 0.058333
1 0.339313 0.625354 0.033750 0.051250
1 0.336578 0.660250 0.030781 0.047292
1 0.524055 0.270458 0.019859 0.064792
1 0.491719 0.267958 0.019844 0.065208
1 0.529367 0.181500 0.023891 0.066458
1 0.497023 0.182958 0.022047 0.074375
1 0.490922 0.230708 0.022188 0.059583
1 0.527797 0.232792 0.022812 0.062917
1 0.297766 0.644375 0.031500 0.047083
0 0.248461 0.174906 0.035672 0.068562
0 0.554453 0.064583 0.028281 0.072083
0 0.694562 0.028125 0.026562 0.056250
0 0.655570 0.016667 0.021734 0.033333
0 0.016063 0.295938 0.032125 0.062750
0 0.009312 0.334812 0.018625 0.043000
0 0.166406 0.445729 0.039688 0.058958
0 0.101375 0.656344 0.041062 0.055354
