1 0.316719 0.638042 0.035437 0.052250
1 0.314406 0.373594 0.032062 0.066104
1 0.314727 0.339677 0.032078 0.065646
1 0.312805 0.299500 0.034703 0.083792
1 0.484687 0.253542 0.025000 0.070833
1 0.517703 0.251375 0.029063 0.068333
1 0.527227 0.184354 0.031047 0.093250
1 0.696953 0.324167 0.025469 0.071250
1 0.699242 0.283115 0.027672 0.080104
1 0.651156 0.667323 0.027813 0.056521
1 0.637094 0.626219 0.032937 0.054354
1 0.665984 0.608396 0.044281 0.032417
1 0.692977 0.610021 0.029172 0.050042
1 0.691227 0.637375 0.030516 0.043542
1 0.691359 0.669240 0.032406 0.052563
0 0.283391 0.727958 0.037812 0.043958
0 0.157555 0.768062 0.036453 0.043208
0 0.619430 0.900781 0.028609 0.042479
0 0.588219 0.200042 0.028688 0.073750
0 0.650914 0.150229 0.027266 0.073083
0 0.709758 0.015365 0.021891 0.030729
0 0.019766 0.302813 0.039531 0.058792
0 0.021219 0.263063 0.042438 0.062250
