0 0.692195 0.029198 0.028359 0.058396
0 0.652930 0.018250 0.022297 0.036500
0 0.070273 0.280271 0.045391 0.069125
0 0.014789 0.298990 0.029453 0.071271
0 0.010469 0.336240 0.020813 0.048604
1 0.509672 0.183552 0.027594 0.087604
1 0.340797 0.318979 0.033125 0.067083
1 0.305250 0.305229 0.035469 0.071250
1 0.308844 0.354708 0.032344 0.058542
1 0.657922 0.281229 0.027906 0.081667
1 0.666391 0.320396 0.030781 0.081667
1 0.652875 0.363521 0.027500 0.071667
1 0.656953 0.591250 0.030469 0.049167
1 0.650062 0.623260 0.028906 0.050187
1 0.693266 0.649823 0.034062 0.061646
1 0.653109 0.663562 0.031250 0.052083
1 0.301406 0.606792 0.034687 0.060000
1 0.338344 0.625292 0.032437 0.053500
1 0.334219 0.661667 0.033188 0.049250
1 0.293156 0.644292 0.035813 0.051000
