0 0.167187 0.444271 0.043750 0.060208
0 0.248508 0.174948 0.036984 0.065521
0 0.555367 0.065573 0.027859 0.072563
0 0.693609 0.030479 0.025875 0.060958
0 0.655023 0.017219 0.022266 0.034438
0 0.014836 0.294615 0.029672 0.063937
0 0.102383 0.656521 0.041047 0.052208
1 0.351875 0.288021 0.030000 0.064792
1 0.348766 0.333188 0.030625 0.060000
1 0.348219 0.369646 0.030781 0.059583
1 0.654687 0.279687 0.025625 0.083125
1 0.704000 0.280625 0.032813 0.078542
1 0.659156 0.347083 0.027500 0.075625
1 0.693609 0.350625 0.030156 0.066875
1 0.694937 0.649573 0.028688 0.059979
1 0.653219 0.662188 0.026250 0.051250
1 0.649656 0.625688 0.022875 0.046750
1 0.658000 0.597573 0.029813 0.059979
1 0.341406 0.626458 0.035937 0.043750
1 0.302813 0.605271 0.033594 0.057708
1 0.336094 0.660479 0.032344 0.047292
1 0.297656 0.645792 0.031719 0.046667
0 0.009227 0.329010 0.018453 0.046146
