1 0.486344 0.215573 0.025875 0.067229
1 0.490508 0.262094 0.022047 0.075604
1 0.518289 0.255031 0.029484 0.075896
1 0.695805 0.346927 0.029734 0.069896
1 0.656867 0.345562 0.027484 0.065958
1 0.696711 0.276875 0.034203 0.077417
1 0.659812 0.276719 0.032406 0.074104
1 0.660484 0.315271 0.022500 0.063000
1 0.696828 0.312573 0.030375 0.062396
1 0.769344 0.553417 0.029250 0.082208
1 0.692172 0.665615 0.033750 0.055188
1 0.640086 0.671313 0.030828 0.055792
1 0.653250 0.637115 0.030594 0.061188
1 0.513984 0.736750 0.025687 0.048000
1 0.470953 0.698750 0.030750 0.057500
0 0.387180 0.217073 0.026891 0.067396
0 0.203242 0.738021 0.033047 0.045792
0 0.021422 0.696813 0.041406 0.044708
0 0.024367 0.659885 0.042297 0.046813
0 0.035172 0.317802 0.040500 0.056521
0 0.034906 0.277302 0.038344 0.057604
0 0.012727 0.258583 0.025453 0.051833
0 0.662187 0.034104 0.027844 0.068208
0 0.708492 0.029604 0.026484 0.059208
