1 0.360094 0.622750 0.026250 0.044000
1 0.342469 0.653500 0.030000 0.036500
1 0.357188 0.679250 0.032063 0.041000
1 0.374156 0.649750 0.030750 0.043500
1 0.561656 0.566563 0.027000 0.066250
1 0.692602 0.596719 0.029172 0.052604
1 0.653297 0.597802 0.025625 0.052563
1 0.654453 0.635594 0.026719 0.036021
1 0.656281 0.670687 0.024031 0.047125
1 0.686945 0.668729 0.024859 0.051125
1 0.707719 0.639031 0.032938 0.049313
1 0.757930 0.543448 0.031297 0.065521
1 0.696594 0.298073 0.032719 0.074729
1 0.710016 0.339073 0.025594 0.078188
1 0.615313 0.075542 0.026812 0.092000
