0 0.542563 0.215042 0.032250 0.069250
0 0.649109 0.478656 0.027000 0.054312
0 0.571680 0.739812 0.031953 0.046625
0 0.388734 0.723552 0.030938 0.046979
0 0.177758 0.812010 0.037797 0.044396
0 0.032563 0.718583 0.042438 0.043625
1 0.068656 0.554792 0.039188 0.050250
1 0.040477 0.241625 0.046797 0.072292
1 0.115594 0.165938 0.037500 0.067750
1 0.072281 0.097562 0.048375 0.084500
1 0.031313 0.128062 0.042562 0.076000
1 0.409336 0.316521 0.029797 0.079500
1 0.600000 0.640271 0.032437 0.058000
1 0.337531 0.608000 0.036750 0.062250
1 0.191008 0.762240 0.050547 0.052896
1 0.069500 0.804750 0.049375 0.044583
1 0.201766 0.928563 0.042531 0.040208
1 0.122320 0.942604 0.043422 0.037500
1 0.475141 0.839802 0.027813 0.047896
