0 0.548711 0.213073 0.027672 0.066604
0 0.454906 0.189823 0.030563 0.067229
0 0.654055 0.477844 0.027672 0.059104
0 0.581172 0.736562 0.028281 0.049375
0 0.435969 0.938542 0.029812 0.050750
0 0.272562 0.773927 0.032406 0.047521
1 0.319437 0.318542 0.033000 0.072750
1 0.358453 0.335417 0.030000 0.067750
1 0.408047 0.356917 0.032063 0.073250
1 0.299937 0.415167 0.027375 0.061000
1 0.272187 0.498646 0.034375 0.063958
1 0.282695 0.708094 0.035859 0.051729
1 0.474750 0.717667 0.025875 0.046250
1 0.492047 0.788979 0.026406 0.040833
1 0.771406 0.710187 0.031500 0.042000
1 0.844063 0.725625 0.034063 0.044167
1 0.915430 0.714625 0.044016 0.052208
1 0.775609 0.604271 0.033750 0.048750
1 0.559805 0.563615 0.021141 0.053104
1 0.586016 0.412115 0.023188 0.057312
0 0.970133 0.685573 0.033484 0.049688
