1 0.390719 0.633813 0.041406 0.044708
1 0.391172 0.671469 0.029250 0.051604
1 0.323219 0.671771 0.041844 0.045000
1 0.340313 0.644771 0.030594 0.049208
1 0.343352 0.601125 0.042078 0.061500
1 0.295992 0.616865 0.035109 0.045604
1 0.538898 0.704406 0.021828 0.055812
1 0.584805 0.657750 0.025422 0.051292
1 0.663031 0.561635 0.040187 0.033271
1 0.658820 0.600510 0.028516 0.048813
1 0.686195 0.670927 0.028828 0.045354
1 0.708555 0.637677 0.027547 0.046229
1 0.711555 0.341312 0.025391 0.070208
1 0.701047 0.299052 0.028031 0.069771
1 0.616625 0.078333 0.025375 0.092167
