1 0.297930 0.622063 0.031109 0.048208
1 0.392141 0.709042 0.044813 0.039958
1 0.392281 0.666750 0.029969 0.057583
1 0.361094 0.623010 0.025375 0.042854
1 0.366492 0.655052 0.025391 0.047146
1 0.388664 0.635396 0.041109 0.040375
1 0.540945 0.704156 0.023641 0.055312
1 0.585078 0.658375 0.024844 0.048958
1 0.660625 0.564375 0.042500 0.027500
1 0.658375 0.602646 0.029531 0.049167
1 0.684703 0.675333 0.024750 0.041750
1 0.709766 0.637500 0.028281 0.052917
1 0.700297 0.299333 0.029438 0.069833
1 0.710016 0.337677 0.026719 0.072354
1 0.616703 0.075510 0.026062 0.090729
