1 0.489687 0.218333 0.026250 0.068750
1 0.520172 0.256656 0.028125 0.073354
1 0.490016 0.264083 0.024375 0.070000
1 0.655000 0.348125 0.025312 0.062083
1 0.694063 0.353979 0.024688 0.053125
1 0.659531 0.274792 0.028125 0.070833
1 0.696953 0.275281 0.033906 0.074563
1 0.662109 0.313260 0.024531 0.062396
1 0.693711 0.307083 0.025234 0.059167
1 0.291539 0.615198 0.038078 0.054354
1 0.513492 0.738198 0.028328 0.045271
1 0.688844 0.615521 0.029219 0.063125
1 0.692281 0.668542 0.032656 0.052917
1 0.644781 0.674167 0.032344 0.047500
1 0.651094 0.633125 0.027187 0.050000
0 0.201875 0.737167 0.032656 0.047875
0 0.021922 0.699073 0.040500 0.044104
0 0.026195 0.658417 0.044547 0.045583
0 0.033313 0.317583 0.042562 0.059750
0 0.034563 0.276729 0.037313 0.052292
0 0.014516 0.256979 0.029031 0.054792
0 0.327313 0.041323 0.033969 0.069896
0 0.662320 0.031250 0.029953 0.062500
0 0.706625 0.026615 0.029063 0.053229
