0 0.386758 0.328792 0.034672 0.065250
0 0.751117 0.123063 0.029953 0.070125
0 0.817398 0.174323 0.031109 0.071021
1 0.493477 0.212167 0.026547 0.073792
1 0.497859 0.257771 0.028125 0.075292
1 0.525313 0.251625 0.031719 0.084000
1 0.828313 0.294542 0.034125 0.071250
1 0.831375 0.322937 0.033563 0.068250
1 0.843188 0.356312 0.038438 0.077000
1 0.695891 0.664125 0.030781 0.060833
1 0.654047 0.673302 0.029156 0.046813
1 0.658500 0.635500 0.027281 0.059042
1 0.649859 0.595010 0.020781 0.061563
1 0.664031 0.560979 0.041031 0.051125
1 0.354617 0.645229 0.032391 0.057958
1 0.610828 0.283042 0.030000 0.071000
1 0.611016 0.320667 0.024750 0.066250
1 0.611672 0.355792 0.022688 0.062000
