0 0.588547 0.200833 0.026187 0.069833
0 0.651195 0.153281 0.028328 0.072812
0 0.618156 0.901271 0.026812 0.041000
0 0.285531 0.730292 0.032406 0.048292
0 0.157844 0.768854 0.037125 0.045000
0 0.020727 0.303729 0.040172 0.063750
0 0.022516 0.260917 0.045031 0.063958
0 0.707547 0.016208 0.021969 0.032417
1 0.833945 0.967854 0.037797 0.047167
1 0.312570 0.640115 0.035547 0.057896
1 0.668000 0.606667 0.041250 0.033500
1 0.696484 0.611187 0.029250 0.055500
1 0.693109 0.639188 0.030000 0.049500
1 0.692055 0.672552 0.029109 0.050729
1 0.653078 0.659563 0.029062 0.054250
1 0.696984 0.325333 0.028125 0.066250
1 0.700031 0.280667 0.025281 0.082083
1 0.484859 0.253438 0.024031 0.067333
1 0.517672 0.250010 0.027000 0.066229
1 0.527930 0.184135 0.030234 0.086396
1 0.314031 0.298260 0.037125 0.084604
1 0.313953 0.338927 0.033344 0.058396
1 0.316742 0.376479 0.030828 0.060292
