1 0.510742 0.180188 0.022609 0.084125
1 0.655141 0.282552 0.021219 0.077521
1 0.669625 0.314406 0.029063 0.067688
1 0.653242 0.359927 0.026766 0.067063
1 0.340266 0.318698 0.030719 0.066354
1 0.305664 0.304969 0.033047 0.063771
1 0.308969 0.354469 0.033438 0.058063
1 0.300992 0.607042 0.038203 0.058042
1 0.338859 0.624094 0.032219 0.053146
1 0.334047 0.661521 0.033219 0.049167
1 0.294180 0.647344 0.035891 0.047396
1 0.479117 0.692729 0.027516 0.056875
1 0.488281 0.764219 0.026719 0.058479
1 0.655984 0.597208 0.024594 0.062917
1 0.691203 0.649250 0.030563 0.055375
0 0.068023 0.282708 0.039078 0.068583
0 0.014477 0.300521 0.028953 0.065917
0 0.009492 0.334542 0.018984 0.048917
0 0.692398 0.027396 0.028297 0.054792
0 0.652242 0.015312 0.021734 0.030625
