1 0.654086 0.279562 0.025922 0.082833
1 0.703625 0.280469 0.032125 0.081687
1 0.692828 0.348146 0.028344 0.068000
1 0.660695 0.346865 0.027797 0.072729
1 0.693672 0.647542 0.030469 0.059375
1 0.655703 0.662438 0.028281 0.052083
1 0.652344 0.625250 0.029375 0.053125
1 0.658438 0.604521 0.025937 0.052500
1 0.340484 0.625521 0.032844 0.049208
1 0.335992 0.661521 0.033297 0.048000
1 0.297266 0.645312 0.031937 0.051000
1 0.302352 0.608573 0.035328 0.054312
1 0.312469 0.297292 0.030781 0.065875
1 0.341094 0.319969 0.032406 0.063729
1 0.310586 0.351479 0.031328 0.061208
0 0.165781 0.445792 0.037969 0.052833
0 0.247945 0.174750 0.036516 0.069208
0 0.554477 0.065583 0.028453 0.075458
0 0.693352 0.030021 0.027797 0.060042
0 0.655016 0.015063 0.018750 0.030125
0 0.018602 0.294760 0.037203 0.067521
0 0.102391 0.657677 0.041781 0.053063
