0 0.203633 0.739292 0.036672 0.051000
0 0.025516 0.701271 0.043875 0.047417
0 0.028664 0.661219 0.042078 0.045938
0 0.035555 0.316146 0.044016 0.054000
0 0.037719 0.274021 0.039688 0.051125
0 0.013164 0.261063 0.026328 0.061917
0 0.328547 0.040948 0.028219 0.066521
0 0.663563 0.031646 0.028875 0.063292
0 0.707461 0.025167 0.030484 0.050333
1 0.290297 0.614083 0.033375 0.053583
1 0.465891 0.747063 0.026094 0.048292
1 0.522250 0.744073 0.028125 0.054896
1 0.510328 0.772875 0.024531 0.049500
1 0.651266 0.637781 0.028562 0.062396
1 0.689063 0.616927 0.029469 0.065104
1 0.705406 0.308813 0.037344 0.076875
1 0.656891 0.304229 0.030000 0.072708
1 0.487719 0.193667 0.023062 0.084500
1 0.525563 0.198625 0.027000 0.078000
1 0.515250 0.250750 0.021375 0.069250
1 0.312875 0.296292 0.034125 0.076750
1 0.352469 0.311625 0.029438 0.067500
1 0.345812 0.368250 0.029250 0.063250
1 0.304469 0.349375 0.031312 0.062500
