1 0.424617 0.837281 0.029672 0.047771
1 0.611875 0.740833 0.026250 0.056667
1 0.531094 0.735729 0.029687 0.044375
1 0.465547 0.719021 0.028750 0.048958
1 0.479648 0.683521 0.032266 0.052542
1 0.513594 0.691208 0.028594 0.045000
1 0.650281 0.671167 0.027562 0.044250
1 0.690781 0.669292 0.027188 0.043500
1 0.697813 0.636417 0.028500 0.055750
1 0.690500 0.594167 0.028500 0.056250
1 0.651781 0.600167 0.027187 0.055750
1 0.651500 0.642417 0.026250 0.048750
1 0.705281 0.337208 0.028187 0.073500
1 0.693289 0.296354 0.028828 0.070417
1 0.610320 0.075479 0.027672 0.091500
