1 0.395102 0.670000 0.023641 0.047500
1 0.361352 0.679479 0.022609 0.037708
1 0.344266 0.655938 0.024063 0.041458
1 0.359734 0.624688 0.023125 0.037292
1 0.374219 0.649167 0.023125 0.049167
1 0.692062 0.596542 0.026250 0.049667
1 0.653344 0.603677 0.026562 0.053562
1 0.653180 0.643854 0.026891 0.038875
1 0.653336 0.673833 0.023953 0.044417
1 0.689297 0.673260 0.030469 0.044854
1 0.703727 0.639094 0.034672 0.057021
1 0.758484 0.545344 0.028187 0.057021
1 0.710992 0.337854 0.028078 0.069125
1 0.700859 0.299333 0.032125 0.069833
1 0.616094 0.076771 0.027500 0.088542
