1 0.186359 0.355917 0.045031 0.069542
1 0.280719 0.448896 0.039219 0.063125
1 0.389672 0.188771 0.031875 0.082500
1 0.365922 0.438042 0.028875 0.057250
1 0.318430 0.676365 0.033484 0.047521
1 0.419977 0.810896 0.028078 0.041750
1 0.478969 0.817740 0.033750 0.042479
1 0.438922 0.958115 0.025406 0.033604
1 0.613734 0.914323 0.032625 0.039271
1 0.780461 0.804365 0.036234 0.049187
1 0.770469 0.572417 0.035438 0.057500
1 0.781734 0.430969 0.035531 0.061146
1 0.754836 0.347260 0.031266 0.065104
1 0.697625 0.288844 0.027344 0.079271
1 0.661898 0.282698 0.026234 0.069229
0 0.387969 0.591510 0.029687 0.049313
0 0.324688 0.031667 0.039062 0.063333
0 0.355664 0.031062 0.031266 0.058958
0 0.695055 0.026115 0.023328 0.052229
0 0.808125 0.663854 0.029063 0.048958
0 0.872266 0.667823 0.022969 0.048979
