0 0.248438 0.173333 0.033563 0.066000
0 0.016922 0.296385 0.033844 0.062521
0 0.008461 0.251167 0.016922 0.039583
0 0.554203 0.062240 0.029156 0.079938
0 0.693516 0.025000 0.025781 0.050000
0 0.653898 0.013125 0.020953 0.026250
0 0.166484 0.443646 0.037969 0.057292
0 0.103250 0.657312 0.040437 0.051333
1 0.346664 0.362469 0.031266 0.072604
1 0.316703 0.413427 0.032406 0.075604
1 0.259523 0.519000 0.037266 0.063500
1 0.607578 0.351771 0.028281 0.066458
1 0.701000 0.302417 0.028875 0.077000
1 0.783047 0.338292 0.041031 0.075958
1 0.635953 0.693177 0.032937 0.049687
1 0.582898 0.726479 0.030516 0.052208
1 0.471117 0.748073 0.026734 0.054354
1 0.522500 0.267313 0.023750 0.070208
1 0.489063 0.264813 0.022188 0.066458
1 0.495078 0.182729 0.020781 0.067708
1 0.527891 0.182833 0.027344 0.070417
1 0.492109 0.225021 0.024844 0.062708
1 0.525234 0.223146 0.025781 0.070208
