1 0.508672 0.937500 0.027969 0.047500
1 0.520438 0.749385 0.033688 0.044479
1 0.464062 0.748021 0.028125 0.047292
1 0.687969 0.616458 0.030938 0.063333
1 0.647648 0.630188 0.026453 0.070958
1 0.199813 0.543917 0.043500 0.062500
1 0.220516 0.394167 0.035000 0.062208
1 0.343062 0.370792 0.030375 0.060750
1 0.353437 0.320521 0.028750 0.068125
1 0.312375 0.297729 0.031250 0.073333
1 0.456016 0.172500 0.025687 0.075500
1 0.516547 0.248354 0.024094 0.082417
1 0.525797 0.132750 0.028000 0.081917
1 0.652234 0.237563 0.029063 0.078000
0 0.204445 0.470656 0.036609 0.057021
0 0.085891 0.425510 0.041156 0.059187
0 0.100422 0.332802 0.036219 0.062396
0 0.322367 0.212083 0.030828 0.063000
0 0.434844 0.100042 0.028688 0.070750
0 0.204250 0.741427 0.033500 0.052021
0 0.593508 0.217000 0.028078 0.071625
0 0.720313 0.031563 0.029375 0.063125
0 0.017438 0.260302 0.034844 0.058354
