0 0.204016 0.739146 0.035094 0.047083
0 0.022523 0.700771 0.040328 0.043750
0 0.027773 0.660885 0.041453 0.044521
0 0.032688 0.317229 0.036719 0.056667
0 0.037305 0.273781 0.037609 0.049729
0 0.014125 0.257792 0.028250 0.045417
0 0.327078 0.040813 0.028844 0.066958
0 0.663234 0.029104 0.025406 0.058208
0 0.706438 0.026042 0.025938 0.052083
1 0.310555 0.295479 0.033047 0.076458
1 0.344133 0.370094 0.030484 0.064812
1 0.303437 0.349521 0.029687 0.062917
1 0.692031 0.350010 0.023625 0.067479
1 0.693125 0.303760 0.025844 0.071104
1 0.694367 0.274802 0.024766 0.068396
1 0.654531 0.342146 0.021156 0.070500
1 0.658156 0.315896 0.021594 0.063000
1 0.659602 0.277208 0.026359 0.063000
1 0.693203 0.669458 0.031500 0.058000
1 0.689844 0.615792 0.032813 0.057250
1 0.650641 0.633208 0.025125 0.052500
1 0.646141 0.673708 0.031500 0.050000
1 0.513312 0.736042 0.030375 0.048750
1 0.292187 0.617500 0.034687 0.055000
