1 0.344836 0.610469 0.034422 0.058771
1 0.471422 0.724562 0.029031 0.057000
1 0.497750 0.771854 0.027969 0.047500
1 0.508687 0.747792 0.037031 0.035625
1 0.518234 0.714583 0.029219 0.060625
1 0.662844 0.657125 0.039531 0.040208
1 0.652766 0.605979 0.031875 0.065417
1 0.662516 0.330396 0.033312 0.076208
1 0.659930 0.286896 0.029016 0.078583
1 0.485375 0.254542 0.023625 0.068750
1 0.520891 0.252125 0.028125 0.071750
1 0.528859 0.190750 0.032063 0.080000
1 0.314375 0.372708 0.032500 0.065833
1 0.313797 0.338271 0.031250 0.062500
1 0.313516 0.297781 0.032406 0.078479
0 0.155406 0.770406 0.036062 0.047104
0 0.288789 0.722552 0.033297 0.055188
0 0.021625 0.305052 0.040219 0.061396
0 0.020867 0.263583 0.041734 0.062250
0 0.588805 0.203604 0.026891 0.073875
0 0.651008 0.154135 0.027547 0.072563
0 0.706375 0.018781 0.026187 0.037563
0 0.618422 0.903104 0.029219 0.041250
