1 0.359063 0.628437 0.030000 0.048125
1 0.351930 0.666500 0.024453 0.040583
1 0.477187 0.672979 0.027031 0.048542
1 0.514687 0.692354 0.024688 0.045833
1 0.531094 0.728708 0.030938 0.046875
1 0.611094 0.740563 0.028594 0.048333
1 0.674141 0.843729 0.033281 0.047500
1 0.797312 0.792208 0.037969 0.059375
1 0.744453 0.686354 0.031406 0.056875
1 0.652469 0.642917 0.024688 0.050625
1 0.652000 0.600312 0.025625 0.061667
1 0.692875 0.593073 0.028937 0.050521
1 0.707453 0.337229 0.026250 0.071042
1 0.695344 0.294417 0.032031 0.070833
1 0.611828 0.071479 0.026719 0.094583
