1 0.194758 0.699615 0.046984 0.063937
1 0.067797 0.807844 0.045000 0.041104
1 0.123594 0.944438 0.043437 0.035250
1 0.201391 0.931312 0.044281 0.043208
1 0.472336 0.841552 0.031578 0.048146
1 0.598875 0.639146 0.033562 0.054750
1 0.335445 0.606646 0.033922 0.061250
1 0.066781 0.552990 0.042375 0.051479
1 0.036422 0.243312 0.050750 0.072000
1 0.115391 0.163573 0.041844 0.077396
1 0.034398 0.132438 0.046703 0.076333
1 0.071516 0.103708 0.050219 0.085083
1 0.406203 0.317740 0.028375 0.073687
0 0.388453 0.723792 0.032063 0.048250
0 0.571891 0.740500 0.027187 0.045500
0 0.175250 0.810708 0.034563 0.043917
0 0.031320 0.719594 0.038703 0.042604
0 0.648813 0.479646 0.028344 0.058792
0 0.541859 0.215562 0.029969 0.069125
