1 0.072273 0.099792 0.042922 0.084958
1 0.031906 0.131292 0.042656 0.069833
1 0.040602 0.243927 0.040234 0.067688
1 0.116070 0.163646 0.039422 0.079917
1 0.161359 0.284625 0.042969 0.065417
1 0.209461 0.328958 0.037578 0.072583
1 0.067977 0.553427 0.037797 0.049396
1 0.205008 0.544385 0.034297 0.054354
1 0.336016 0.607062 0.029062 0.054250
1 0.167602 0.790437 0.040047 0.042000
1 0.463266 0.720833 0.030656 0.047500
1 0.067617 0.802052 0.041391 0.036604
1 0.550164 0.565365 0.021234 0.045937
1 0.452055 0.285875 0.027672 0.069583
0 0.140313 0.668542 0.037875 0.044250
0 0.016438 0.700052 0.032875 0.057021
0 0.008828 0.642583 0.017656 0.028083
0 0.403602 0.436958 0.029797 0.057458
0 0.649195 0.477563 0.028516 0.054000
0 0.541039 0.215740 0.027984 0.068937
0 0.572992 0.739531 0.026578 0.042771
0 0.426320 0.933042 0.025172 0.043500
