1 0.525305 0.206750 0.026891 0.073875
1 0.342906 0.586625 0.032844 0.055792
1 0.297789 0.593073 0.030828 0.048896
1 0.284289 0.640927 0.034422 0.049813
1 0.303414 0.673792 0.029922 0.042917
1 0.334805 0.652490 0.030609 0.048938
1 0.357187 0.621573 0.026781 0.042896
1 0.512727 0.702552 0.025266 0.053146
1 0.520016 0.747698 0.033375 0.033688
1 0.509648 0.778375 0.030141 0.036292
1 0.680828 0.670521 0.027000 0.052250
1 0.699672 0.640271 0.032063 0.042750
1 0.700258 0.348021 0.027203 0.060917
1 0.689570 0.298115 0.027859 0.067396
1 0.710789 0.303948 0.032734 0.062646
