1 0.663547 0.315490 0.026438 0.085021
1 0.520672 0.256385 0.023719 0.080854
1 0.419000 0.259750 0.026438 0.085542
1 0.358359 0.349500 0.028750 0.064167
1 0.361797 0.307938 0.029375 0.068542
1 0.316406 0.376896 0.030469 0.063125
1 0.314375 0.336271 0.029531 0.065625
1 0.313750 0.297208 0.034844 0.080833
1 0.345703 0.613646 0.030781 0.052708
1 0.429461 0.741302 0.033703 0.054854
1 0.496078 0.776854 0.025312 0.041667
1 0.410062 0.810604 0.036406 0.049167
1 0.518328 0.712729 0.033281 0.055625
1 0.579578 0.710437 0.030156 0.052708
1 0.704063 0.651198 0.037719 0.054938
0 0.287469 0.720354 0.033438 0.047500
0 0.157508 0.772521 0.039703 0.049208
0 0.616445 0.903698 0.029484 0.041896
0 0.587672 0.198990 0.025188 0.071521
0 0.648789 0.150156 0.027047 0.072146
0 0.707414 0.016188 0.024328 0.032375
0 0.020461 0.304833 0.038141 0.065375
0 0.020734 0.263615 0.041469 0.060687
