1 0.491750 0.220479 0.033500 0.074042
1 0.383102 0.127312 0.033484 0.086333
1 0.486781 0.093073 0.029312 0.077396
1 0.286430 0.143458 0.039953 0.080667
1 0.662281 0.472187 0.026156 0.062542
1 0.721117 0.553323 0.030234 0.063563
1 0.609383 0.601896 0.028484 0.056333
1 0.578000 0.739563 0.025969 0.042625
1 0.623648 0.863583 0.026547 0.050375
1 0.535172 0.871833 0.026750 0.043667
1 0.469953 0.850521 0.025781 0.046500
1 0.369750 0.877812 0.035063 0.041083
1 0.524727 0.495177 0.024922 0.056313
1 0.430773 0.410042 0.023484 0.057667
0 0.361891 0.518052 0.032563 0.062813
0 0.487648 0.332927 0.027516 0.058146
0 0.459070 0.256958 0.031203 0.061250
0 0.357430 0.222562 0.032172 0.062000
0 0.676273 0.040354 0.024422 0.073792
0 0.705688 0.044073 0.028375 0.072563
