0 0.693281 0.028854 0.024688 0.048958
0 0.654461 0.015802 0.019078 0.031604
0 0.250937 0.150083 0.032625 0.070500
0 0.164680 0.445146 0.037797 0.057250
0 0.103641 0.658271 0.041656 0.050167
1 0.511836 0.181156 0.022891 0.093521
1 0.657422 0.284417 0.023000 0.077333
1 0.671031 0.315302 0.030781 0.070854
1 0.652070 0.365844 0.020078 0.069979
1 0.694187 0.651083 0.029938 0.062083
1 0.654203 0.661885 0.029937 0.050396
1 0.653078 0.625583 0.028125 0.044417
1 0.660055 0.600083 0.033516 0.043208
1 0.340930 0.627594 0.035641 0.048813
1 0.335484 0.659521 0.034344 0.047958
1 0.297102 0.646125 0.034016 0.051417
1 0.301148 0.608115 0.038891 0.054854
1 0.308281 0.303375 0.034688 0.071875
1 0.342656 0.317969 0.032500 0.068937
1 0.310391 0.351062 0.033750 0.066500
