1 0.902719 0.489063 0.037375 0.070792
1 0.913461 0.300490 0.034547 0.074521
1 0.887336 0.227521 0.029922 0.076500
1 0.951063 0.141083 0.038875 0.073875
1 0.948016 0.108646 0.030719 0.062708
1 0.304312 0.673146 0.033562 0.049500
1 0.342844 0.666896 0.030750 0.046000
1 0.358594 0.625646 0.035250 0.049500
1 0.301070 0.634573 0.030516 0.052562
1 0.306719 0.586917 0.035312 0.059500
1 0.343062 0.590281 0.032937 0.053271
1 0.474867 0.720073 0.025922 0.045354
1 0.491477 0.787917 0.029422 0.045000
1 0.523609 0.738781 0.025656 0.036729
1 0.521445 0.696125 0.026734 0.052208
0 0.391062 0.155167 0.031500 0.066500
0 0.589820 0.316083 0.028797 0.061208
0 0.661094 0.186219 0.025312 0.073687
0 0.586172 0.721719 0.025656 0.047104
0 0.437898 0.937865 0.033297 0.046188
0 0.303125 0.889260 0.038063 0.047521
