1 0.309141 0.667292 0.029531 0.043750
1 0.342281 0.650188 0.026094 0.037708
1 0.304719 0.593344 0.029156 0.048396
1 0.292664 0.633313 0.034672 0.048375
1 0.342078 0.602417 0.039531 0.054875
1 0.392781 0.637844 0.039844 0.049687
1 0.541016 0.704615 0.027812 0.060479
1 0.583547 0.660344 0.028625 0.052562
1 0.664000 0.563469 0.042969 0.029687
1 0.658148 0.601271 0.026328 0.051292
1 0.706750 0.639208 0.033969 0.054000
1 0.688195 0.666667 0.022953 0.051917
1 0.713367 0.341615 0.029922 0.071104
1 0.699867 0.299615 0.031266 0.068104
1 0.616734 0.077792 0.029156 0.092875
