0 0.665297 0.025083 0.026719 0.050167
1 0.044047 0.549063 0.038125 0.050208
0 0.697094 0.024875 0.028750 0.049750
1 0.102953 0.511875 0.039062 0.045833
1 0.084828 0.558021 0.035625 0.043125
1 0.053734 0.615625 0.035937 0.045417
1 0.019516 0.611146 0.036250 0.047292
1 0.074906 0.669688 0.041406 0.045208
1 0.016547 0.715417 0.030312 0.040833
1 0.051547 0.721354 0.035312 0.035625
1 0.080828 0.619104 0.038750 0.046250
1 0.121844 0.621083 0.034844 0.046875
1 0.116141 0.672125 0.039375 0.043958
1 0.083484 0.721083 0.037500 0.040625
1 0.118250 0.723063 0.033594 0.040000
1 0.013508 0.519167 0.027016 0.049583
0 0.122500 0.564479 0.034688 0.044375
0 0.040578 0.667312 0.034844 0.041875
0 0.011578 0.664604 0.023156 0.037292
0 0.037992 0.499312 0.034203 0.041667
0 0.074711 0.499729 0.034203 0.047083
