0 0.680359 0.037021 0.028812 0.067208
1 0.802812 0.692646 0.037031 0.045625
1 0.748047 0.742958 0.032500 0.045417
1 0.696797 0.735042 0.030625 0.048333
1 0.696953 0.806396 0.033437 0.041042
1 0.748047 0.806604 0.034062 0.043958
1 0.799766 0.811708 0.035625 0.046250
1 0.745000 0.881458 0.028750 0.044167
1 0.798047 0.894833 0.036250 0.040000
1 0.796875 0.942646 0.033906 0.032292
1 0.746680 0.933583 0.030859 0.038333
1 0.660547 0.960250 0.026562 0.035833
1 0.658438 0.919000 0.029219 0.038333
1 0.697344 0.880208 0.031875 0.047500
0 0.695586 0.973021 0.026234 0.040417
0 0.652656 0.824375 0.026562 0.039167
0 0.800266 0.735896 0.026562 0.038542
0 0.650000 0.714792 0.028125 0.036250
0 0.693891 0.695813 0.027656 0.040000
0 0.747250 0.682479 0.026562 0.040417
0 0.720297 0.019563 0.023625 0.039125
0 0.707922 0.041219 0.029031 0.066604
