0 0.067266 0.641979 0.032969 0.043542
0 0.029172 0.633094 0.036719 0.041896
0 0.107305 0.702958 0.032672 0.043750
0 0.029000 0.786104 0.037500 0.044167
0 0.665109 0.024281 0.027562 0.048562
0 0.696797 0.025656 0.028313 0.051312
1 0.110156 0.837292 0.032813 0.034583
1 0.073766 0.833604 0.038281 0.036875
1 0.041500 0.832146 0.030937 0.031875
1 0.104469 0.790167 0.041875 0.037500
1 0.109625 0.754958 0.036875 0.039583
1 0.010969 0.626323 0.021937 0.049812
1 0.099984 0.649479 0.036719 0.045208
1 0.067797 0.698646 0.039219 0.039375
1 0.029984 0.692083 0.042344 0.044167
1 0.012844 0.737083 0.025688 0.033333
1 0.041109 0.751208 0.033906 0.032917
1 0.069312 0.748917 0.040625 0.037917
1 0.067281 0.787771 0.038437 0.035625
