1 0.660289 0.372125 0.024734 0.062417
1 0.560000 0.323167 0.036250 0.036000
1 0.572656 0.233792 0.039937 0.052250
0 0.680094 0.033771 0.027187 0.067542
0 0.708062 0.041708 0.026250 0.067500
0 0.720484 0.025229 0.024844 0.050458
0 0.707625 0.195125 0.026938 0.042083
0 0.674078 0.147521 0.024844 0.052708
0 0.632547 0.164188 0.026469 0.051875
0 0.555859 0.159583 0.027656 0.063750
0 0.548891 0.263667 0.025156 0.060000
0 0.632031 0.343750 0.024375 0.055000
1 0.707172 0.140135 0.023781 0.070688
1 0.669344 0.196521 0.023750 0.071667
1 0.629656 0.210896 0.021250 0.072083
1 0.702562 0.243396 0.023562 0.062917
1 0.666609 0.250688 0.023281 0.062500
1 0.630922 0.272323 0.024344 0.058688
1 0.631844 0.302875 0.025313 0.046458
1 0.657641 0.317979 0.023094 0.058333
1 0.701328 0.301563 0.029219 0.058542
1 0.695391 0.370177 0.027906 0.053104
1 0.541906 0.373792 0.021750 0.062250
