1 0.256484 0.486813 0.027969 0.053458
1 0.217188 0.481333 0.032250 0.057500
1 0.182594 0.478333 0.031688 0.053500
1 0.150531 0.472708 0.033563 0.052250
1 0.217172 0.417083 0.033125 0.060833
1 0.255219 0.419375 0.031719 0.062500
1 0.216156 0.367813 0.032969 0.061875
1 0.256156 0.342604 0.028906 0.055625
1 0.182172 0.357615 0.032219 0.056021
1 0.146375 0.338031 0.040938 0.065187
1 0.181719 0.292969 0.033125 0.062104
1 0.213906 0.312552 0.035625 0.059604
1 0.149531 0.216740 0.036250 0.068104
1 0.254062 0.230292 0.033281 0.072083
0 0.147828 0.384792 0.034687 0.057292
0 0.180797 0.402604 0.033750 0.057083
0 0.255031 0.281542 0.031875 0.057917
0 0.213391 0.228729 0.032656 0.061458
0 0.181438 0.241333 0.035000 0.058750
0 0.146906 0.282167 0.032187 0.057500
0 0.663695 0.028740 0.024578 0.057479
0 0.693016 0.027802 0.029062 0.055604
