1 0.968828 0.862479 0.034375 0.034583
1 0.891797 0.681854 0.041562 0.044167
1 0.935234 0.689979 0.039687 0.052083
1 0.927734 0.751437 0.039688 0.047917
1 0.962109 0.749990 0.036563 0.045396
1 0.896016 0.816437 0.039375 0.042083
1 0.933281 0.815000 0.039062 0.038750
1 0.958516 0.813000 0.035625 0.041875
1 0.987813 0.811979 0.024375 0.033958
1 0.903203 0.869979 0.039687 0.039167
1 0.967820 0.686083 0.038422 0.042083
1 0.988516 0.647292 0.022969 0.037917
0 0.887227 0.755917 0.031953 0.041708
0 0.873180 0.635760 0.028797 0.039896
0 0.919086 0.642323 0.031953 0.037562
0 0.964648 0.647313 0.033984 0.036000
0 0.679828 0.035312 0.027500 0.068542
0 0.705922 0.041250 0.027813 0.067500
