1 0.952281 0.784615 0.036375 0.038687
1 0.954953 0.725771 0.039156 0.043208
1 0.911141 0.725229 0.036906 0.046500
1 0.869172 0.717281 0.041625 0.045604
0 0.695969 0.036146 0.025156 0.064583
0 0.669094 0.033125 0.027344 0.066042
0 0.908813 0.866458 0.033125 0.033542
0 0.866562 0.754375 0.036875 0.045417
0 0.987234 0.667604 0.025531 0.044375
0 0.950484 0.631333 0.032656 0.046875
0 0.908297 0.637698 0.031719 0.047104
0 0.866328 0.630938 0.032969 0.046458
1 0.985227 0.626583 0.029547 0.041000
1 0.869781 0.874333 0.035781 0.034167
1 0.912430 0.832271 0.039516 0.035792
1 0.869859 0.834333 0.040937 0.038333
1 0.909563 0.781479 0.039156 0.040208
