1 0.625250 0.738896 0.025875 0.045500
1 0.572937 0.740396 0.027375 0.049000
1 0.618219 0.660021 0.030563 0.051250
1 0.562063 0.659521 0.024750 0.049250
1 0.611187 0.603146 0.025875 0.055000
1 0.569469 0.596396 0.023813 0.052000
1 0.503937 0.592521 0.022500 0.057250
1 0.506875 0.659896 0.027188 0.053542
1 0.453875 0.657646 0.028500 0.054000
1 0.449844 0.734146 0.024187 0.049000
1 0.459016 0.497354 0.023750 0.061250
1 0.509641 0.505583 0.029063 0.057292
1 0.563703 0.512250 0.024063 0.059375
1 0.620578 0.464646 0.024688 0.055000
0 0.500938 0.736875 0.027188 0.045417
0 0.455844 0.592479 0.026875 0.051042
0 0.615891 0.520750 0.026406 0.053750
0 0.575266 0.462729 0.025156 0.050208
0 0.514953 0.456063 0.026406 0.053958
0 0.450422 0.446583 0.023594 0.050000
0 0.676937 0.035021 0.026562 0.067500
0 0.703109 0.039708 0.026719 0.069792
0 0.718750 0.021469 0.022188 0.042937
