1 0.442898 0.092490 0.048516 0.064687
1 0.506844 0.092542 0.031125 0.078250
1 0.505781 0.153417 0.024688 0.067500
1 0.502437 0.212042 0.025500 0.073250
1 0.569844 0.160833 0.020000 0.073333
1 0.574812 0.099833 0.024687 0.062917
1 0.612937 0.165458 0.025312 0.067500
1 0.626766 0.217646 0.027656 0.078125
1 0.626375 0.283062 0.023125 0.061875
1 0.576922 0.276083 0.021719 0.071667
1 0.561922 0.218062 0.018906 0.068125
1 0.459234 0.268917 0.020156 0.063750
1 0.458062 0.208396 0.022187 0.069375
1 0.617672 0.053375 0.019844 0.076875
0 0.454625 0.153042 0.026250 0.055750
0 0.441781 0.041188 0.026125 0.067750
0 0.515703 0.039396 0.028281 0.049750
0 0.586875 0.054052 0.025937 0.068521
0 0.605813 0.109312 0.025312 0.061000
0 0.493984 0.274583 0.028594 0.059583
0 0.667719 0.034667 0.027563 0.069333
0 0.694906 0.038583 0.026063 0.063500
