1 0.263656 0.242542 0.028313 0.065250
1 0.227922 0.237875 0.032437 0.066000
1 0.194266 0.236125 0.030375 0.063500
1 0.156297 0.231875 0.035438 0.066500
1 0.233672 0.155729 0.033594 0.073125
1 0.270000 0.158021 0.033438 0.068125
1 0.282813 0.087396 0.027813 0.073125
1 0.245156 0.094896 0.033750 0.074792
1 0.212734 0.105729 0.033906 0.062292
1 0.170234 0.105521 0.037344 0.069375
1 0.213953 0.040708 0.034063 0.077708
1 0.250359 0.048104 0.030625 0.071667
1 0.176094 0.018531 0.023125 0.037062
0 0.159766 0.163854 0.032344 0.060625
0 0.198375 0.156792 0.031719 0.063542
0 0.284781 0.040542 0.030625 0.067292
0 0.172547 0.050875 0.033125 0.062708
0 0.668047 0.026354 0.026406 0.052708
0 0.698906 0.027125 0.027656 0.053958
