1 0.813844 0.840271 0.031563 0.031667
0 0.692617 0.587302 0.024297 0.048396
0 0.690625 0.711083 0.025156 0.039375
0 0.731469 0.836063 0.028281 0.042500
0 0.820891 0.645354 0.032031 0.039375
0 0.777047 0.605229 0.031531 0.047542
0 0.734797 0.619208 0.026094 0.045000
0 0.667734 0.033646 0.026094 0.060417
0 0.696250 0.035312 0.027500 0.060833
1 0.691719 0.676562 0.029687 0.048125
1 0.731734 0.690583 0.025781 0.053542
1 0.776500 0.699854 0.035625 0.042500
1 0.817906 0.727563 0.031875 0.040833
1 0.818453 0.771729 0.037656 0.040833
1 0.769781 0.758917 0.030625 0.043542
1 0.731656 0.747354 0.031562 0.035000
1 0.690953 0.789542 0.029219 0.038542
1 0.732437 0.797146 0.030312 0.040833
1 0.769266 0.818885 0.033031 0.031104
1 0.766578 0.853083 0.031406 0.033958
1 0.690875 0.833292 0.029375 0.037708
