1 0.696156 0.287135 0.030156 0.073812
1 0.174594 0.271375 0.044250 0.069500
1 0.155703 0.442688 0.041312 0.060833
1 0.237719 0.368927 0.042406 0.072729
1 0.365922 0.438396 0.032125 0.063000
1 0.465328 0.334688 0.030281 0.068750
1 0.394000 0.078115 0.031719 0.091438
1 0.389336 0.188646 0.034516 0.088542
1 0.623906 0.142573 0.027562 0.083979
1 0.662398 0.283542 0.025203 0.070208
1 0.756469 0.348542 0.031500 0.066500
1 0.781031 0.428469 0.034563 0.061563
1 0.771500 0.572417 0.034875 0.060000
1 0.690625 0.727417 0.033000 0.053000
1 0.566719 0.734063 0.031875 0.046875
0 0.450688 0.116667 0.030000 0.071000
0 0.669664 0.031042 0.027766 0.062083
0 0.696758 0.030958 0.028703 0.061750
