1 0.767109 0.852937 0.033594 0.035833
1 0.768516 0.820125 0.034531 0.032708
1 0.732266 0.796063 0.032656 0.035000
1 0.770312 0.758250 0.033437 0.041458
1 0.776719 0.698146 0.037188 0.040000
1 0.731719 0.689604 0.027500 0.044167
1 0.692594 0.677271 0.029844 0.043750
1 0.691312 0.790708 0.030469 0.039583
1 0.689906 0.834667 0.028281 0.037083
1 0.731687 0.745854 0.029687 0.036458
0 0.691578 0.585354 0.024625 0.046208
0 0.735164 0.621260 0.023734 0.041229
0 0.777562 0.602375 0.028188 0.040625
0 0.821305 0.646656 0.030141 0.044479
0 0.690375 0.712000 0.027500 0.039375
0 0.730672 0.837208 0.028594 0.039792
0 0.666750 0.034792 0.026813 0.060750
0 0.695344 0.037792 0.026625 0.067750
1 0.824828 0.610833 0.036188 0.044250
1 0.817969 0.727229 0.034031 0.039750
1 0.818203 0.771687 0.038281 0.040417
1 0.813750 0.841479 0.032188 0.029167
