1 0.300563 0.220708 0.030500 0.065875
1 0.363469 0.129448 0.029969 0.085687
1 0.397758 0.247177 0.032141 0.067687
1 0.369852 0.474042 0.030922 0.063583
1 0.340719 0.605042 0.032813 0.057750
1 0.284625 0.710427 0.031875 0.048271
1 0.474984 0.719000 0.024719 0.045250
1 0.490805 0.785198 0.030984 0.045396
1 0.774844 0.604583 0.024937 0.051417
1 0.769437 0.709490 0.029156 0.047521
1 0.843422 0.723542 0.035906 0.050708
1 0.914469 0.716802 0.037344 0.054604
1 0.587812 0.414375 0.027187 0.066250
1 0.562391 0.561521 0.023906 0.047292
0 0.436094 0.936146 0.028750 0.044375
0 0.270766 0.778031 0.033781 0.049771
0 0.580984 0.737250 0.029812 0.046750
0 0.655438 0.477667 0.027375 0.055500
0 0.548234 0.213073 0.025656 0.069479
0 0.456836 0.189865 0.028609 0.068396
0 0.968234 0.687917 0.035094 0.052917
