1 0.646539 0.638615 0.031953 0.053688
1 0.610117 0.277302 0.028578 0.078604
1 0.700906 0.230792 0.028344 0.073208
1 0.491375 0.223938 0.025906 0.070417
1 0.479875 0.182469 0.033375 0.075604
1 0.309086 0.290469 0.035766 0.067812
1 0.305375 0.328083 0.033750 0.060000
1 0.315836 0.366792 0.036672 0.064208
1 0.349703 0.366792 0.032844 0.058208
1 0.357234 0.326729 0.031719 0.052500
1 0.350492 0.277094 0.036672 0.063604
1 0.705180 0.180094 0.027891 0.073188
1 0.751078 0.411094 0.038063 0.068437
1 0.694742 0.596615 0.035328 0.054313
1 0.694914 0.651365 0.033297 0.049187
