0 0.541594 0.212542 0.030125 0.060917
0 0.648773 0.476927 0.027203 0.050979
0 0.572289 0.740083 0.025922 0.039583
0 0.389227 0.724417 0.029703 0.047167
0 0.031500 0.718062 0.041406 0.040500
0 0.346422 0.039833 0.032844 0.067833
0 0.312406 0.015625 0.024375 0.031250
1 0.066797 0.553125 0.042969 0.054167
1 0.197219 0.761896 0.036937 0.043750
1 0.067922 0.804719 0.042469 0.039813
1 0.202477 0.929365 0.038891 0.039396
1 0.336023 0.605948 0.030328 0.059104
1 0.475437 0.840135 0.025000 0.048521
1 0.600789 0.640906 0.026234 0.052271
1 0.408664 0.318552 0.026891 0.072146
1 0.373016 0.139187 0.032719 0.076458
1 0.278570 0.160781 0.031109 0.075604
1 0.219117 0.146531 0.034016 0.068687
1 0.159102 0.041635 0.030547 0.070479
1 0.030422 0.128625 0.044281 0.072375
1 0.040016 0.244594 0.046188 0.066562
