1 0.559547 0.572688 0.021406 0.047125
0 0.627531 0.337958 0.026625 0.061333
0 0.670320 0.401021 0.023984 0.056167
0 0.547039 0.349615 0.024953 0.060479
0 0.510266 0.355875 0.028500 0.060917
0 0.510375 0.481896 0.022656 0.053958
0 0.535453 0.523250 0.025313 0.046667
0 0.633344 0.024198 0.025000 0.048396
0 0.663031 0.023990 0.025625 0.047979
1 0.515156 0.572396 0.019375 0.051042
1 0.587672 0.568604 0.024844 0.053958
1 0.633844 0.564333 0.025937 0.052917
1 0.657281 0.519125 0.026875 0.054583
1 0.660703 0.462500 0.028594 0.053750
1 0.619391 0.467979 0.026094 0.057292
1 0.579469 0.474854 0.025000 0.045625
1 0.570594 0.525167 0.020375 0.052750
1 0.501484 0.529542 0.021094 0.049583
1 0.499484 0.415417 0.020313 0.061667
1 0.587531 0.404687 0.025781 0.061458
1 0.628125 0.403333 0.025938 0.059583
1 0.663883 0.329688 0.026516 0.064375
