1 0.460562 0.165667 0.026438 0.090208
1 0.528562 0.132323 0.029156 0.080354
1 0.716773 0.331031 0.029547 0.075688
1 0.781125 0.338552 0.040437 0.078271
1 0.346180 0.362042 0.029859 0.071542
1 0.647578 0.435750 0.032656 0.060958
1 0.486148 0.393760 0.021453 0.055354
1 0.527438 0.459083 0.028469 0.065333
1 0.601852 0.529375 0.035453 0.067792
1 0.486469 0.367333 0.024375 0.064000
1 0.316055 0.415573 0.033047 0.075604
1 0.259953 0.521292 0.038625 0.060458
1 0.468852 0.748354 0.026891 0.045792
1 0.582102 0.731240 0.030484 0.050438
1 0.633609 0.690021 0.031750 0.058750
0 0.101750 0.657542 0.040875 0.055250
0 0.166242 0.445427 0.038547 0.061771
0 0.247391 0.173552 0.036563 0.070729
0 0.554273 0.062250 0.026797 0.075042
0 0.694141 0.027083 0.026406 0.051667
0 0.654273 0.014146 0.020484 0.028292
0 0.016609 0.296083 0.033219 0.061458
