1 0.649906 0.585448 0.024625 0.066104
1 0.686562 0.633833 0.041562 0.050667
1 0.307180 0.637917 0.034609 0.062208
1 0.523320 0.687260 0.026234 0.044937
1 0.527695 0.729604 0.026578 0.038875
1 0.526883 0.765667 0.029484 0.047083
1 0.489945 0.781219 0.024953 0.041896
1 0.484781 0.745125 0.023625 0.040667
1 0.484453 0.705625 0.024219 0.054167
1 0.309969 0.345375 0.033375 0.061333
1 0.346258 0.363948 0.032078 0.063937
1 0.353547 0.329219 0.033688 0.064271
1 0.314828 0.316010 0.033375 0.054437
1 0.313859 0.271729 0.037906 0.080792
1 0.344313 0.286625 0.032719 0.071708
0 0.662414 0.034885 0.023984 0.069771
0 0.694914 0.036667 0.028828 0.069125
