1 0.284375 0.644073 0.035000 0.051854
1 0.301531 0.676104 0.032656 0.048958
1 0.333797 0.652531 0.030781 0.052938
1 0.507914 0.776667 0.031047 0.052500
1 0.645219 0.641677 0.030156 0.055188
1 0.692469 0.652479 0.034656 0.060000
1 0.476484 0.180625 0.030563 0.081000
1 0.488203 0.220000 0.029250 0.071750
1 0.484828 0.273625 0.029250 0.059500
1 0.521016 0.274125 0.022875 0.063000
1 0.520828 0.231375 0.027000 0.069000
1 0.521398 0.195771 0.030016 0.083208
1 0.357805 0.623406 0.025922 0.042854
1 0.340547 0.587010 0.029687 0.055063
1 0.296398 0.592771 0.033203 0.050042
