0 0.389352 0.721823 0.031422 0.043646
0 0.571617 0.739187 0.028078 0.045000
0 0.649328 0.476708 0.027000 0.051292
0 0.542102 0.213490 0.029703 0.064812
0 0.017742 0.697375 0.035484 0.051083
0 0.008633 0.643021 0.017266 0.033000
0 0.203258 0.708896 0.034516 0.043000
0 0.367930 0.851656 0.027266 0.045021
1 0.168414 0.789563 0.037578 0.041042
1 0.270313 0.820010 0.033375 0.044063
1 0.287156 0.685021 0.030781 0.054000
1 0.068125 0.799260 0.038437 0.041396
1 0.066133 0.552844 0.039828 0.051896
1 0.041789 0.242771 0.039828 0.063000
1 0.114688 0.166167 0.039750 0.069000
1 0.032680 0.131583 0.042953 0.076000
1 0.070648 0.098333 0.050984 0.088500
1 0.407477 0.315427 0.033484 0.072729
1 0.336062 0.605625 0.029156 0.053292
1 0.600484 0.641146 0.027375 0.049500
1 0.477789 0.842958 0.026547 0.048333
