1 0.797375 0.788792 0.037125 0.059250
1 0.759687 0.705937 0.031250 0.051875
1 0.673828 0.842167 0.034500 0.048500
1 0.612266 0.738125 0.028906 0.050833
1 0.530000 0.731563 0.028437 0.045208
1 0.468203 0.717688 0.030625 0.046667
1 0.478828 0.679562 0.033125 0.057917
1 0.516797 0.691125 0.033125 0.048542
1 0.424734 0.837833 0.025375 0.052667
1 0.691141 0.594062 0.027219 0.057000
1 0.652438 0.598771 0.031281 0.056708
1 0.652969 0.643021 0.025625 0.049208
1 0.704820 0.335531 0.028797 0.069604
1 0.695398 0.295854 0.032016 0.067958
1 0.608992 0.071344 0.030141 0.094188
