0 0.543984 0.212167 0.030469 0.064333
1 0.218641 0.143115 0.041250 0.064604
1 0.277055 0.160427 0.036547 0.073104
1 0.031297 0.128865 0.043844 0.071021
1 0.071961 0.096958 0.044797 0.077417
1 0.109836 0.159760 0.052109 0.081021
1 0.037875 0.240406 0.046531 0.072813
1 0.066500 0.553844 0.045844 0.046062
1 0.066602 0.803167 0.044609 0.036917
1 0.199398 0.930594 0.043078 0.037938
1 0.475703 0.841437 0.029219 0.046917
1 0.599375 0.637969 0.028156 0.053229
1 0.336102 0.605948 0.030578 0.057437
1 0.406938 0.316771 0.028250 0.066458
1 0.198594 0.759375 0.035094 0.043583
0 0.648633 0.476073 0.028266 0.054354
0 0.388586 0.721156 0.028609 0.043687
0 0.571555 0.738323 0.026078 0.044896
0 0.175906 0.811938 0.035062 0.042792
0 0.028828 0.716542 0.038594 0.039167
