0 0.541500 0.214188 0.028844 0.065667
0 0.374797 0.273156 0.032406 0.061771
0 0.257312 0.062635 0.038875 0.069979
0 0.344219 0.041250 0.034062 0.067917
0 0.111258 0.232406 0.037797 0.063729
0 0.025695 0.308010 0.040047 0.056104
0 0.371000 0.489667 0.029625 0.052500
0 0.387344 0.571375 0.030313 0.051458
1 0.066773 0.554896 0.041578 0.055083
1 0.168391 0.464198 0.039375 0.059396
1 0.284266 0.410146 0.036156 0.063458
1 0.407609 0.320833 0.026875 0.066042
1 0.277242 0.163125 0.035766 0.079333
1 0.153984 0.209792 0.041406 0.075417
1 0.171641 0.308896 0.041594 0.072042
1 0.032883 0.132333 0.044547 0.071292
1 0.157055 0.043865 0.036891 0.065396
1 0.370641 0.138854 0.031531 0.084375
1 0.471648 0.101000 0.026109 0.079167
1 0.419383 0.694781 0.031422 0.047104
1 0.333969 0.606448 0.033625 0.058771
1 0.196180 0.761437 0.040953 0.048917
