1 0.371469 0.431667 0.029062 0.064500
1 0.253789 0.638021 0.039859 0.053125
1 0.296617 0.893198 0.033078 0.047104
1 0.428172 0.813000 0.028750 0.044792
1 0.489984 0.821115 0.027000 0.045354
1 0.623227 0.866781 0.025609 0.042271
1 0.686875 0.920000 0.026875 0.043750
1 0.747578 0.871250 0.029844 0.041250
1 0.710695 0.612219 0.029703 0.052188
1 0.661555 0.282302 0.023766 0.067313
1 0.695969 0.292750 0.026187 0.068042
1 0.463969 0.126875 0.030781 0.091167
1 0.952422 0.143208 0.037906 0.077750
1 0.948211 0.105844 0.026891 0.065229
0 0.523625 0.196417 0.026562 0.068708
0 0.590633 0.171240 0.031047 0.077104
0 0.526109 0.085625 0.026219 0.072917
0 0.470016 0.054479 0.032531 0.075625
0 0.423312 0.145500 0.030750 0.067750
0 0.373344 0.059042 0.029438 0.070750
0 0.847594 0.419458 0.029063 0.061458
0 0.774617 0.643115 0.025422 0.048312
0 0.395695 0.592250 0.031109 0.052167
