0 0.605844 0.283792 0.025312 0.067250
0 0.630047 0.167021 0.026813 0.073250
0 0.718141 0.419979 0.029250 0.066292
0 0.804086 0.428531 0.024297 0.065396
0 0.821625 0.222583 0.023250 0.068500
0 0.355547 0.706292 0.029438 0.045250
0 0.384141 0.748042 0.029250 0.048750
0 0.289680 0.830979 0.025266 0.039417
0 0.232727 0.799875 0.031891 0.043542
1 0.147875 0.742573 0.038062 0.049312
1 0.086586 0.793219 0.037797 0.043188
1 0.158000 0.836781 0.038062 0.042479
1 0.461664 0.847469 0.024172 0.040896
1 0.506656 0.713917 0.024188 0.051500
1 0.551578 0.757896 0.030750 0.048250
1 0.679625 0.577042 0.027969 0.052292
1 0.705406 0.559646 0.032344 0.047083
1 0.730258 0.533115 0.039484 0.051646
1 0.623930 0.474667 0.028297 0.057083
1 0.651578 0.468792 0.028906 0.062833
1 0.683820 0.287135 0.036453 0.077104
1 0.747492 0.318333 0.032828 0.075917
1 0.568500 0.211396 0.028500 0.081250
