0 0.399242 0.668229 0.028359 0.054000
0 0.324648 0.745885 0.034828 0.047521
0 0.158438 0.771667 0.035000 0.046250
0 0.650117 0.150792 0.027359 0.072250
0 0.740812 0.164625 0.029375 0.072500
0 0.706898 0.015917 0.021703 0.031833
0 0.025578 0.260865 0.030719 0.062979
1 0.241562 0.360781 0.035375 0.067687
1 0.203219 0.323094 0.036719 0.066604
1 0.206867 0.286917 0.038078 0.075583
1 0.413687 0.340010 0.025656 0.069479
1 0.407617 0.264229 0.028078 0.069125
1 0.411523 0.313375 0.028891 0.059417
1 0.699188 0.608292 0.031000 0.057250
1 0.763906 0.667000 0.032406 0.061208
1 0.619547 0.768427 0.036000 0.050396
1 0.315875 0.641896 0.035375 0.052750
1 0.454914 0.782885 0.025391 0.041312
1 0.463844 0.735073 0.024281 0.052104
1 0.431750 0.707719 0.027625 0.055438
1 0.816359 0.159740 0.033344 0.079063
1 0.815977 0.219177 0.032578 0.078021
