1 0.417719 0.839333 0.027656 0.049792
1 0.605813 0.742521 0.029062 0.048333
1 0.524687 0.734896 0.024688 0.047708
1 0.461500 0.716792 0.028125 0.050000
1 0.475938 0.682542 0.031125 0.047500
1 0.508375 0.693917 0.027000 0.048750
1 0.741961 0.693104 0.027266 0.058667
1 0.650281 0.643260 0.030250 0.051146
1 0.687000 0.594292 0.030750 0.054000
1 0.649422 0.601115 0.027594 0.052562
1 0.670703 0.846562 0.031406 0.048125
1 0.790406 0.792083 0.025781 0.060833
1 0.691227 0.291042 0.029484 0.075000
1 0.705742 0.332135 0.028797 0.067812
1 0.607367 0.069625 0.027453 0.091167
