1 0.645969 0.642292 0.026438 0.056750
1 0.692375 0.649125 0.028125 0.051500
1 0.508203 0.774792 0.027031 0.045417
1 0.336297 0.655729 0.026875 0.047292
1 0.357156 0.619271 0.028281 0.044792
1 0.302156 0.673125 0.034531 0.045833
1 0.285984 0.639896 0.034375 0.050625
1 0.294813 0.591875 0.032344 0.049583
1 0.339187 0.584896 0.034531 0.046875
1 0.486461 0.171969 0.029703 0.088187
1 0.520609 0.191771 0.026187 0.078125
1 0.530742 0.233167 0.031859 0.066583
1 0.514000 0.271687 0.029156 0.062292
1 0.483617 0.254583 0.025641 0.071292
1 0.474844 0.212469 0.030250 0.066229
