0 0.775078 0.643021 0.026719 0.048542
0 0.847609 0.421333 0.028344 0.061917
0 0.396906 0.783146 0.029438 0.046750
0 0.592609 0.170104 0.026094 0.069000
0 0.525336 0.198448 0.026547 0.066896
0 0.522750 0.149854 0.023625 0.058500
0 0.510594 0.093312 0.026781 0.072000
0 0.530938 0.083625 0.031281 0.073500
0 0.502727 0.040802 0.026328 0.061188
1 0.548602 0.126667 0.045453 0.076208
1 0.698742 0.292750 0.025422 0.073500
1 0.690078 0.588490 0.020688 0.050104
1 0.704477 0.622990 0.023859 0.051896
1 0.693641 0.667031 0.025719 0.042396
1 0.663078 0.670542 0.026094 0.049208
1 0.650031 0.634396 0.021156 0.043500
1 0.662633 0.598833 0.026547 0.049208
1 0.490008 0.821594 0.028797 0.044396
1 0.429180 0.813885 0.028203 0.043604
1 0.363672 0.823083 0.026781 0.042000
1 0.298195 0.894490 0.030828 0.040812
1 0.949906 0.145792 0.045937 0.069583
1 0.952297 0.114333 0.036719 0.065625
