1 0.482078 0.683469 0.031437 0.044062
1 0.515937 0.692312 0.026562 0.047083
1 0.533922 0.733146 0.028188 0.043208
1 0.511234 0.770073 0.023000 0.045354
1 0.477219 0.765552 0.030781 0.047521
1 0.469602 0.713490 0.027859 0.047937
1 0.653406 0.602615 0.031281 0.049812
1 0.653961 0.640417 0.035547 0.043792
1 0.654188 0.676417 0.025656 0.040208
1 0.691875 0.669667 0.032625 0.045917
1 0.699078 0.632771 0.028125 0.047708
1 0.691992 0.592719 0.028797 0.055188
1 0.693648 0.296094 0.033047 0.070854
1 0.704344 0.333021 0.029156 0.073000
1 0.610008 0.075344 0.031578 0.093229
