1 0.511336 0.182583 0.019047 0.085708
1 0.341695 0.319875 0.027391 0.068250
1 0.308961 0.307188 0.028578 0.068250
1 0.310148 0.354802 0.033328 0.061896
1 0.654797 0.280990 0.025000 0.073021
1 0.669664 0.313531 0.030953 0.074604
1 0.654195 0.363531 0.026203 0.069854
1 0.658633 0.594240 0.026891 0.060854
1 0.694297 0.645167 0.034719 0.062167
1 0.479133 0.687792 0.034484 0.059500
1 0.488766 0.759458 0.029406 0.056792
1 0.300625 0.604802 0.040469 0.057146
1 0.295859 0.642104 0.035719 0.055542
1 0.340508 0.622260 0.034516 0.050812
1 0.336336 0.661146 0.033328 0.046042
0 0.070719 0.280646 0.037719 0.069458
0 0.015820 0.300760 0.031641 0.072063
0 0.010375 0.332656 0.020750 0.058063
0 0.693758 0.029531 0.027078 0.059063
0 0.655062 0.015990 0.019344 0.031979
