0 0.245156 0.606010 0.034844 0.055438
0 0.325344 0.032292 0.031688 0.064250
0 0.354812 0.032417 0.032250 0.062500
0 0.699109 0.028573 0.024938 0.054771
1 0.389445 0.188344 0.031422 0.081646
1 0.364922 0.439021 0.024938 0.060250
1 0.303016 0.597063 0.035375 0.055083
1 0.300187 0.633594 0.034563 0.047521
1 0.317312 0.678250 0.033750 0.044750
1 0.417219 0.694667 0.027562 0.051500
1 0.309664 0.883500 0.035391 0.038875
1 0.480352 0.820510 0.027609 0.046646
1 0.566531 0.733750 0.029156 0.045708
1 0.688797 0.727698 0.028812 0.044979
1 0.771297 0.570500 0.037031 0.060000
1 0.780047 0.431667 0.033750 0.057000
1 0.755758 0.345115 0.031734 0.065604
1 0.696094 0.286083 0.029625 0.076000
1 0.661781 0.281958 0.023250 0.068250
