0 0.393875 0.209042 0.032250 0.071750
0 0.662125 0.037229 0.025000 0.072292
0 0.705906 0.034500 0.027563 0.067667
1 0.493742 0.212646 0.030516 0.070917
1 0.498977 0.260042 0.022141 0.076000
1 0.528203 0.254479 0.024844 0.078542
1 0.659094 0.353292 0.020438 0.063250
1 0.695562 0.359458 0.024000 0.062500
1 0.696313 0.319583 0.022875 0.060250
1 0.660875 0.318083 0.024750 0.059750
1 0.664062 0.281833 0.024750 0.071250
1 0.697344 0.285833 0.024188 0.062250
1 0.772922 0.550875 0.031500 0.069000
1 0.696469 0.664208 0.033437 0.056667
1 0.657719 0.635771 0.029063 0.058958
1 0.653266 0.671917 0.026719 0.049167
1 0.516891 0.692281 0.030312 0.054771
1 0.518313 0.738250 0.024031 0.049333
