1 0.381703 0.167708 0.024688 0.064375
1 0.420062 0.165938 0.027344 0.062083
1 0.389547 0.042167 0.026062 0.064250
1 0.511406 0.032896 0.028125 0.063958
1 0.664086 0.026198 0.026328 0.052396
1 0.695117 0.026490 0.027672 0.052979
1 0.433258 0.021042 0.026922 0.042083
0 0.428516 0.047396 0.024219 0.072292
0 0.382820 0.111365 0.027672 0.072313
0 0.421742 0.120365 0.026766 0.063313
0 0.379328 0.232573 0.022500 0.063896
0 0.413531 0.232115 0.022500 0.063604
0 0.454930 0.223417 0.023391 0.074417
0 0.494195 0.233771 0.020016 0.071708
0 0.460797 0.156531 0.020281 0.069021
0 0.500156 0.159813 0.021594 0.076208
0 0.504680 0.089615 0.020703 0.075896
0 0.470547 0.064687 0.024219 0.069792
0 0.465555 0.109896 0.026328 0.074708
