0 0.624344 0.549719 0.025656 0.053271
0 0.571828 0.543875 0.021375 0.055250
0 0.455109 0.537500 0.026063 0.052500
0 0.458109 0.482125 0.020438 0.056750
0 0.505508 0.490208 0.021484 0.048750
0 0.564719 0.495000 0.020000 0.048958
0 0.623625 0.497083 0.029063 0.055208
0 0.611438 0.455313 0.026875 0.055000
0 0.564797 0.452604 0.021719 0.048333
0 0.567297 0.390104 0.029219 0.060000
0 0.619094 0.334063 0.026250 0.065833
0 0.506594 0.383958 0.027188 0.063542
0 0.460969 0.378854 0.029062 0.063750
0 0.499938 0.446198 0.022375 0.051771
1 0.667063 0.033542 0.023625 0.066750
1 0.696016 0.037521 0.026063 0.066000
1 0.447219 0.317938 0.028594 0.060833
1 0.511047 0.324396 0.026250 0.057500
1 0.577219 0.331167 0.027344 0.056042
1 0.613625 0.398562 0.026094 0.057917
1 0.498750 0.540083 0.026719 0.044167
1 0.456641 0.447323 0.026094 0.052563
