1 0.292328 0.392021 0.028500 0.054750
1 0.258203 0.371396 0.032625 0.057000
1 0.258766 0.272354 0.029687 0.062083
1 0.288141 0.222083 0.032344 0.060000
1 0.326266 0.223750 0.027031 0.056667
1 0.361516 0.260979 0.027031 0.054792
1 0.662977 0.027448 0.026578 0.054896
1 0.692914 0.028052 0.029703 0.056104
0 0.259383 0.452583 0.030516 0.059750
0 0.295297 0.461271 0.028594 0.057500
0 0.327797 0.452000 0.027031 0.058125
0 0.361000 0.455646 0.024375 0.052500
0 0.360297 0.392000 0.025469 0.061875
0 0.327719 0.385646 0.029062 0.059167
0 0.363031 0.316271 0.023438 0.057917
0 0.328266 0.338042 0.026406 0.056458
0 0.295297 0.334292 0.026719 0.058958
0 0.258344 0.318250 0.033438 0.067292
0 0.291391 0.275646 0.030156 0.064167
0 0.328109 0.284708 0.029219 0.060625
0 0.363812 0.216583 0.024063 0.058958
0 0.261727 0.212625 0.027453 0.069000
