0 0.952281 0.784615 0.036375 0.038687
0 0.954953 0.725771 0.039156 0.043208
0 0.911141 0.725229 0.036906 0.046500
0 0.869172 0.717281 0.041625 0.045604
1 0.695969 0.036146 0.025156 0.064583
1 0.669094 0.033125 0.027344 0.066042
1 0.908813 0.866458 0.033125 0.033542
1 0.866562 0.754375 0.036875 0.045417
1 0.987234 0.667604 0.025531 0.044375
1 0.950484 0.631333 0.032656 0.046875
1 0.908297 0.637698 0.031719 0.047104
1 0.866328 0.630938 0.032969 0.046458
0 0.985227 0.626583 0.029547 0.041000
0 0.869781 0.874333 0.035781 0.034167
0 0.912430 0.832271 0.039516 0.035792
0 0.869859 0.834333 0.040937 0.038333
0 0.909563 0.781479 0.039156 0.040208
