1 0.884414 0.834271 0.032203 0.041875
1 0.867930 0.711979 0.030797 0.042292
1 0.938156 0.710625 0.030625 0.041250
1 0.965352 0.710313 0.025328 0.045208
1 0.993922 0.763333 0.012156 0.039583
1 0.679375 0.035625 0.027813 0.065000
1 0.706016 0.043333 0.028906 0.067083
0 0.890656 0.765417 0.040687 0.042500
0 0.938312 0.762396 0.036000 0.041250
0 0.968031 0.763146 0.036937 0.038250
0 0.987531 0.711760 0.024938 0.036021
0 0.933375 0.828854 0.036562 0.038958
0 0.960437 0.825417 0.033188 0.037500
0 0.987078 0.823646 0.025844 0.034792
0 0.892531 0.904125 0.035781 0.039375
0 0.931359 0.898917 0.037188 0.036458
0 0.902844 0.956521 0.035781 0.038333
