1 0.204602 0.609594 0.032953 0.049354
0 0.149461 0.844031 0.024516 0.036604
0 0.153859 0.795573 0.034187 0.044688
0 0.184703 0.665333 0.040781 0.042708
0 0.209969 0.661469 0.033063 0.049604
0 0.242906 0.661792 0.035937 0.052292
0 0.295250 0.607417 0.032500 0.052292
0 0.189977 0.792281 0.036672 0.047104
0 0.186484 0.730625 0.036000 0.044417
0 0.232266 0.730031 0.037125 0.047396
0 0.285828 0.728219 0.028125 0.054604
0 0.266477 0.790177 0.028578 0.042896
0 0.240828 0.792125 0.032625 0.040208
0 0.277164 0.838479 0.029703 0.038708
0 0.240570 0.837969 0.034203 0.048604
1 0.695625 0.038885 0.025844 0.072313
1 0.666711 0.033167 0.028328 0.066333
1 0.173953 0.845740 0.028344 0.045729
1 0.157484 0.735417 0.033750 0.043958
1 0.285195 0.666094 0.030516 0.046438
1 0.248344 0.609781 0.033469 0.047479
1 0.176930 0.613208 0.028891 0.042875
