0 0.515094 0.643969 0.041000 0.059812
0 0.714023 0.512156 0.034734 0.058521
0 0.721500 0.559417 0.031344 0.064292
0 0.483914 0.814448 0.034109 0.040063
0 0.486234 0.844677 0.029063 0.039021
0 0.487945 0.888271 0.025828 0.040708
0 0.487883 0.930042 0.026047 0.037833
0 0.262008 0.858802 0.036547 0.051729
0 0.221734 0.664167 0.040937 0.060167
0 0.867492 0.753344 0.036234 0.045271
0 0.795547 0.899062 0.040781 0.043958
0 0.375039 0.129208 0.049578 0.065625
0 0.877891 0.895896 0.022188 0.038542
1 0.335000 0.865625 0.029687 0.041667
1 0.378281 0.883396 0.028437 0.038542
1 0.423203 0.884333 0.029219 0.039167
1 0.607031 0.860500 0.026625 0.039500
1 0.409406 0.509396 0.030375 0.039000
1 0.409781 0.531646 0.024750 0.027000
1 0.410250 0.555646 0.026812 0.040000
1 0.643344 0.058792 0.028688 0.070250
