1 0.696805 0.037542 0.029922 0.070792
1 0.490609 0.719875 0.027375 0.046000
1 0.445516 0.708875 0.026437 0.042000
1 0.408578 0.722875 0.027937 0.038500
1 0.451016 0.981250 0.027969 0.037500
1 0.405977 0.810125 0.030234 0.036500
0 0.401656 0.913042 0.026437 0.048750
0 0.492406 0.917500 0.030750 0.038500
0 0.535813 0.910375 0.023062 0.040250
0 0.534031 0.967125 0.022500 0.035750
0 0.495125 0.970125 0.026812 0.038250
0 0.446937 0.858875 0.030563 0.045750
0 0.493156 0.838625 0.025500 0.040250
0 0.533656 0.826375 0.030750 0.041750
0 0.535719 0.772750 0.025500 0.041000
0 0.492219 0.793375 0.031500 0.039750
0 0.447781 0.811750 0.027375 0.039000
0 0.448531 0.770625 0.030375 0.041250
0 0.406344 0.776875 0.027000 0.039750
0 0.531969 0.719250 0.022125 0.042000
1 0.667328 0.034385 0.026781 0.062104
