0 0.778859 0.806062 0.033281 0.040000
0 0.777453 0.689917 0.036094 0.046042
0 0.816750 0.704396 0.038750 0.041667
0 0.863312 0.708875 0.043125 0.043542
1 0.694625 0.037521 0.025625 0.067292
1 0.667438 0.032563 0.026562 0.065125
1 0.816406 0.846250 0.030000 0.041667
1 0.773016 0.606781 0.026781 0.044396
1 0.814937 0.628771 0.031250 0.038333
1 0.863844 0.610229 0.031875 0.046250
1 0.903141 0.652937 0.033281 0.043333
1 0.775219 0.728104 0.031562 0.037708
0 0.902375 0.731896 0.037500 0.042083
0 0.858625 0.767312 0.036875 0.039583
0 0.902375 0.774396 0.041250 0.041667
0 0.854172 0.832937 0.031406 0.029167
0 0.894641 0.844917 0.033281 0.031875
0 0.856828 0.864812 0.038906 0.036250
0 0.779297 0.850417 0.033594 0.040833
0 0.907570 0.615875 0.038891 0.047833
0 0.816984 0.760542 0.036094 0.044375
0 0.817766 0.809813 0.035156 0.042917
