0 0.485992 0.217979 0.020734 0.071708
0 0.525844 0.223385 0.020094 0.062646
0 0.565695 0.222302 0.018797 0.069979
0 0.608305 0.223604 0.023016 0.068250
0 0.614945 0.158146 0.023984 0.066958
0 0.571094 0.153646 0.024375 0.078542
0 0.533031 0.116125 0.029375 0.056667
0 0.490609 0.107375 0.033594 0.060833
0 0.620742 0.086010 0.025172 0.080854
0 0.578344 0.068615 0.026312 0.066896
0 0.536914 0.043010 0.026828 0.080354
1 0.626750 0.036250 0.025000 0.047292
1 0.667453 0.026927 0.027344 0.053854
1 0.697688 0.026615 0.028125 0.053229
1 0.583828 0.025198 0.029812 0.050396
1 0.495219 0.033333 0.026625 0.064750
1 0.489203 0.158646 0.029094 0.058333
1 0.530984 0.163229 0.027969 0.053750
0 0.631313 0.007750 0.022656 0.015500
