0 0.757203 0.956812 0.037500 0.034792
1 0.705594 0.043458 0.025469 0.067292
1 0.679500 0.035021 0.027031 0.067500
1 0.811641 0.967000 0.025469 0.038542
1 0.758594 0.822917 0.029687 0.040833
1 0.879172 0.748000 0.031562 0.037917
1 0.836906 0.703000 0.027031 0.038750
1 0.797531 0.699354 0.027344 0.037292
1 0.761094 0.709167 0.025312 0.035417
0 0.880656 0.699469 0.038875 0.042479
0 0.840969 0.750062 0.034563 0.042125
0 0.801141 0.750958 0.032656 0.040333
0 0.762125 0.764094 0.030250 0.039229
0 0.883219 0.819896 0.038063 0.042833
0 0.844750 0.818281 0.032937 0.037437
0 0.805461 0.819177 0.033766 0.045729
0 0.848453 0.944104 0.033438 0.039375
0 0.883375 0.944937 0.035156 0.033542
0 0.890016 0.892021 0.038750 0.044792
0 0.845469 0.875417 0.033125 0.034583
0 0.808375 0.888896 0.035469 0.043125
0 0.757812 0.918646 0.030625 0.043958
