0 0.417727 0.935177 0.033266 0.037271
0 0.418898 0.986500 0.028734 0.027000
0 0.545547 0.976708 0.020781 0.018958
0 0.516016 0.983021 0.023281 0.033542
0 0.484219 0.982437 0.025937 0.032083
0 0.517266 0.945667 0.025469 0.032708
0 0.568281 0.944729 0.023750 0.027083
0 0.566797 0.889625 0.023594 0.038125
0 0.528594 0.893479 0.023125 0.038333
0 0.498672 0.892854 0.022344 0.037917
0 0.428516 0.843823 0.029844 0.048062
0 0.484469 0.847042 0.026250 0.039167
0 0.535875 0.842667 0.027813 0.041250
0 0.577125 0.804333 0.023750 0.039583
1 0.525906 0.801333 0.028125 0.040000
1 0.477391 0.793104 0.026406 0.041875
1 0.421836 0.786687 0.027734 0.041042
1 0.632719 0.023635 0.027656 0.047271
1 0.661391 0.023219 0.025000 0.046437
1 0.431641 0.892604 0.025781 0.037708
1 0.480312 0.943510 0.029687 0.041896
1 0.580125 0.843312 0.026250 0.040208
