0 0.974734 0.502708 0.039687 0.046042
1 0.886414 0.451688 0.031047 0.049500
1 0.934898 0.456490 0.030828 0.041104
1 0.968766 0.463687 0.030594 0.041708
1 0.892156 0.551740 0.033531 0.044396
1 0.919266 0.651042 0.031500 0.039000
1 0.679937 0.033667 0.026406 0.064375
1 0.707430 0.042823 0.025453 0.065188
0 0.885953 0.650000 0.036875 0.038542
0 0.895563 0.608125 0.037344 0.043958
0 0.963836 0.653490 0.034828 0.046146
0 0.986102 0.658229 0.027797 0.051667
0 0.989062 0.612917 0.021875 0.034375
0 0.964781 0.607604 0.036719 0.042917
0 0.932047 0.605104 0.036875 0.044583
0 0.936031 0.558542 0.039531 0.039375
0 0.967281 0.560937 0.029219 0.047500
0 0.988914 0.558333 0.022172 0.051875
0 0.937352 0.511406 0.040953 0.051771
0 0.887828 0.501042 0.038750 0.054375
