0 0.527719 0.900312 0.027500 0.040000
0 0.605844 0.935833 0.029375 0.038542
0 0.603992 0.972302 0.024953 0.032396
0 0.647414 0.973594 0.028828 0.032396
0 0.645797 0.911177 0.026250 0.034563
0 0.528656 0.967292 0.026250 0.039375
0 0.562359 0.858229 0.031719 0.039792
0 0.607516 0.846667 0.027969 0.041250
0 0.650875 0.826250 0.032188 0.049167
0 0.650563 0.772500 0.027500 0.039583
0 0.652391 0.716458 0.029594 0.043333
0 0.518797 0.767021 0.028750 0.048750
1 0.560250 0.976417 0.027031 0.038542
0 0.561609 0.770458 0.025938 0.044792
0 0.562156 0.815563 0.027031 0.042500
0 0.607391 0.799833 0.025937 0.047292
1 0.519141 0.808958 0.026719 0.045417
1 0.558594 0.726417 0.023438 0.045833
1 0.604453 0.729750 0.025469 0.046667
1 0.511953 0.719021 0.026406 0.043125
1 0.667359 0.032917 0.026250 0.063750
1 0.696109 0.037396 0.027813 0.066458
