0 0.599352 0.832292 0.025047 0.027000
1 0.694000 0.038417 0.025656 0.072000
1 0.667414 0.034375 0.024859 0.068750
1 0.509078 0.830417 0.028750 0.042708
1 0.622031 0.645917 0.025156 0.043125
1 0.568984 0.587271 0.025937 0.048333
1 0.523828 0.625604 0.024375 0.050000
1 0.478047 0.604250 0.025312 0.049792
1 0.473563 0.717938 0.026625 0.047042
0 0.625828 0.607583 0.029219 0.043125
0 0.510906 0.788958 0.028594 0.041042
0 0.467938 0.842688 0.023625 0.039500
0 0.470000 0.789177 0.025500 0.044979
0 0.473430 0.675552 0.024297 0.053104
0 0.518352 0.677073 0.026703 0.048354
0 0.564555 0.677802 0.029703 0.044396
0 0.515500 0.732250 0.026094 0.046500
0 0.559484 0.739896 0.025875 0.048583
0 0.611578 0.718740 0.029687 0.045896
0 0.608086 0.760740 0.032172 0.042896
0 0.555102 0.806188 0.028359 0.042000
0 0.551391 0.843698 0.026781 0.039604
