0 0.270477 0.312312 0.032859 0.063000
0 0.379828 0.313354 0.025656 0.066917
0 0.375109 0.389250 0.027000 0.061500
0 0.300734 0.441156 0.032625 0.056104
0 0.366242 0.504812 0.026328 0.056708
0 0.309852 0.512854 0.030609 0.056083
0 0.248875 0.504302 0.031500 0.058187
0 0.243594 0.565052 0.030375 0.054896
0 0.232563 0.623250 0.034875 0.053708
0 0.294891 0.637500 0.029469 0.052208
0 0.351367 0.638104 0.026766 0.046792
0 0.340789 0.714604 0.022734 0.041417
0 0.288477 0.697510 0.026547 0.048604
0 0.257992 0.687302 0.029484 0.048604
1 0.332766 0.312625 0.028125 0.052000
1 0.267219 0.380042 0.031563 0.056667
1 0.319641 0.393688 0.030156 0.052708
1 0.366344 0.444021 0.029219 0.051042
1 0.366453 0.583063 0.028750 0.049792
1 0.307391 0.584833 0.030937 0.047917
1 0.665687 0.026104 0.027750 0.052208
1 0.697562 0.026729 0.030000 0.053458
