1 0.787125 0.142687 0.030781 0.058333
0 0.718656 0.210500 0.029375 0.071667
0 0.839922 0.138021 0.032969 0.073125
0 0.836078 0.239250 0.030781 0.063125
0 0.788969 0.231438 0.029063 0.070000
0 0.752344 0.254885 0.024062 0.062313
0 0.717578 0.318333 0.027344 0.061250
0 0.765375 0.299354 0.034063 0.062083
0 0.794641 0.318010 0.034281 0.059771
0 0.839906 0.300604 0.035625 0.062083
0 0.836859 0.367167 0.032656 0.058958
0 0.794562 0.358625 0.033500 0.054792
0 0.719750 0.377896 0.030000 0.052917
1 0.753313 0.354625 0.027187 0.052083
1 0.717844 0.267542 0.028437 0.055833
1 0.837984 0.207187 0.029094 0.051875
0 0.749047 0.200813 0.021094 0.071875
1 0.750656 0.154792 0.028500 0.062750
1 0.721438 0.148917 0.026250 0.061000
1 0.706219 0.044750 0.028688 0.067000
1 0.679781 0.037125 0.027187 0.068250
0 0.787922 0.179000 0.029469 0.064083
